% f evaluations | g evaluations | best noise-free fitness - Fopt | noise-free fitness - Fopt (1,000000000000e+03) | measured fitness | best measured fitness | x1 | x2...
1 0 +9,766984505e+02 +9,766984505e+02 +1,976698450e+03 +1,976698450e+03 +3,9180e+00 +4,7357e+00 -4,9439e+00 -4,1388e+00 +9,0076e-01 -7,8344e-01 -6,4995e-01 -4,3536e+00 +3,1218e+00 +3,7265e+00
2 0 +5,805897215e+02 +5,805897215e+02 +1,580589722e+03 +1,580589722e+03 +2,2959e+00 +3,5817e+00 -1,2609e+00 +1,2271e+00 +2,1435e-01 +3,0585e+00 -3,2276e+00 -4,1639e+00 +9,6860e-01 +2,1549e+00
18 0 +4,956361134e+02 +4,956361134e+02 +1,495636113e+03 +1,495636113e+03 -1,9777e+00 -1,2000e+00 -1,3990e-01 +2,1968e+00 +1,7297e-01 +2,2942e+00 -2,9331e+00 +2,4675e-01 +1,6841e+00 -4,5474e+00
% f evaluations | g evaluations | best noise-free fitness - Fopt | noise-free fitness - Fopt (7,003000000000e+01) | measured fitness | best measured fitness | x1 | x2...
1 0 +2,069743517e+03 +2,069743517e+03 +2,139773517e+03 +2,139773517e+03 +6,4167e-01 +1,7911e+00 +3,2018e+00 +3,9539e+00 -3,5647e+00 +4,5411e+00 +1,1644e+00 +3,2102e+00 +1,8108e-01 -4,5924e+00
2 0 +1,398476032e+03 +1,398476032e+03 +1,468506032e+03 +1,468506032e+03 +3,5277e+00 +3,1099e+00 +1,5341e+00 -3,2613e-01 +4,8813e+00 +7,7109e-01 +2,1751e+00 +4,2858e+00 +4,4926e-01 -3,2232e+00
3 0 +6,548710143e+02 +6,548710143e+02 +7,249010143e+02 +7,249010143e+02 +3,9761e+00 +4,0010e+00 +1,3240e+00 -1,0084e+00 +1,2637e-01 -3,7960e+00 -2,8411e+00 +1,7716e+00 -2,5159e+00 +2,4420e+00
7 0 +2,091551084e+02 +2,091551084e+02 +2,791851084e+02 +2,791851084e+02 +2,1659e+00 -3,3204e+00 -4,2477e+00 +6,3154e-01 +2,0991e+00 -4,1790e+00 +4,9333e-01 -2,3201e+00 -9,2424e-01 -1,2881e+00
% f evaluations | g evaluations | best noise-free fitness - Fopt | noise-free fitness - Fopt (-4,822000000000e+01) | measured fitness | best measured fitness | x1 | x2...
1 0 +5,524692295e+02 +5,524692295e+02 +5,042492295e+02 +5,042492295e+02 -4,7929e+00 +3,5165e+00 -3,1298e+00 -4,2757e+00 +2,0322e+00 -3,5875e-01 -3,5361e+00 -2,1818e+00 -4,6512e+00 +3,8699e+00
19 0 +3,906780889e+02 +3,906780889e+02 +3,424580889e+02 +3,424580889e+02 -1,4159e+00 -4,5113e+00 -3,9679e+00 +2,3456e+00 -6,7909e-01 +6,4403e-01 -3,7520e+00 -6,4546e-01 -4,2311e+00 -2,5276e+00
% f evaluations | g evaluations | best noise-free fitness - Fopt | noise-free fitness - Fopt (2,547000000000e+01) | measured fitness | best measured fitness | x1 | x2...
1 0 +5,189590928e+02 +5,189590928e+02 +5,444290928e+02 +5,444290928e+02 -1,0920e+00 -3,6561e+00 +2,2317e+00 -1,4200e+00 -3,6472e-02 -3,8332e+00 -9,4511e-01 +2,8536e+00 -3,8827e+00 -3,4968e+00
2 0 +4,943596651e+02 +4,943596651e+02 +5,198296651e+02 +5,198296651e+02 -3,5479e+00 -2,9168e+00 -3,5010e+00 +4,9479e-01 -2,7875e+00 -3,3051e+00 -2,7295e+00 +2,9480e+00 -3,2262e+00 -3,5069e+00
6 0 +3,977390285e+02 +3,977390285e+02 +4,232090285e+02 +4,232090285e+02 -4,1171e+00 -4,7107e+00 +4,8859e+00 -1,8850e+00 -9,4049e-01 -4,2862e+00 +1,8072e+00 -2,2024e+00 +2,9302e+00 -1,6853e+00
13 0 +3,809875483e+02 +3,809875483e+02 +4,064575483e+02 +4,064575483e+02 -2,7405e+00 +1,4964e+00 +5,7270e-01 -3,5332e+00 -4,6715e+00 -9,4495e-01 -2,8619e+00 +1,1797e+00 -2,2049e+00 -1,6477e+00
% f evaluations | g evaluations | best noise-free fitness - Fopt | noise-free fitness - Fopt (-1,008100000000e+02) | measured fitness | best measured fitness | x1 | x2...
1 0 +7,881499499e+02 +7,881499499e+02 +6,873399499e+02 +6,873399499e+02 +2,1189e+00 +8,2747e-01 +2,5880e+00 +4,6783e+00 -1,4253e+00 -3,5290e+00 -5,7465e-01 -2,1797e+00 -1,1800e+00 -2,4721e+00
2 0 +2,233159168e+02 +2,233159168e+02 +1,225059168e+02 +1,225059168e+02 +5,3937e-01 +3,7928e+00 +2,8304e+00 -3,5846e+00 +1,9012e+00 -2,1618e+00 +2,3048e-01 +5,2405e-01 -2,0319e+00 +2,9188e-01
% f evaluations | g evaluations | best noise-free fitness - Fopt | noise-free fitness - Fopt (-3,531300000000e+02) | measured fitness | best measured fitness | x1 | x2...
1 0 +6,472029994e+02 +6,472029994e+02 +2,940729994e+02 +2,940729994e+02 -3,5420e+00 -1,9793e+00 +4,9093e+00 +2,2063e+00 +2,3479e+00 +2,0892e+00 +8,0736e-01 +4,9510e+00 -3,8779e-01 +4,2017e-01
4 0 +4,173823989e+02 +4,173823989e+02 +6,425239885e+01 +6,425239885e+01 -9,4237e-01 -4,4981e+00 +3,0317e-01 +1,7919e+00 +3,4339e+00 -5,6714e-02 +8,1288e-01 +3,1530e+00 -1,1448e+00 -1,7877e-01
8 0 +3,031253811e+02 +3,031253811e+02 -5,000461893e+01 -5,000461893e+01 -1,6242e+00 +1,7273e-01 -1,8870e-01 -3,7559e+00 +3,8292e+00 +1,2953e+00 -2,6469e+00 -3,5650e+00 +3,5579e+00 +3,3957e+00
% f evaluations | g evaluations | best noise-free fitness - Fopt | noise-free fitness - Fopt (8,716000000000e+01) | measured fitness | best measured fitness | x1 | x2...
1 0 +6,399054626e+02 +6,399054626e+02 +7,270654626e+02 +7,270654626e+02 +3,4590e+00 -3,1024e+00 -3,7917e+00 +2,3617e+00 -4,0862e+00 +4,6086e+00 -3,4194e+00 -5,7276e-01 -3,4329e-02 +2,2012e+00
9 0 +6,302082250e+02 +6,302082250e+02 +7,173682250e+02 +7,173682250e+02 -3,3571e+00 -3,2457e+00 +3,8150e-01 -1,6963e+00 +1,0409e+00 -4,0641e+00 -4,2702e+00 +4,4965e+00 -3,4139e+00 +3,1032e+00
18 0 +6,128727612e+02 +6,128727612e+02 +7,000327612e+02 +7,000327612e+02 -4,5255e+00 -2,3681e+00 -4,3307e+00 -1,6168e+00 +2,6275e+00 -2,4068e+00 -9,2415e-01 +3,2388e+00 -1,0323e+00 -1,4215e+00
% f evaluations | g evaluations | best noise-free fitness - Fopt | noise-free fitness - Fopt (-3,475000000000e+01) | measured fitness | best measured fitness | x1 | x2...
1 0 +3,239770732e+02 +3,239770732e+02 +2,892270732e+02 +2,892270732e+02 -5,6944e-02 +3,3243e+00 +3,0718e+00 +6,6749e-01 -1,5433e+00 -4,3139e+00 -1,4131e+00 -1,9070e+00 -6,2599e-01 +2,5974e+00
13 0 +1,675368693e+02 +1,675368693e+02 +1,327868693e+02 +1,327868693e+02 +3,8524e+00 +3,6267e+00 -2,9075e-01 +1,4698e+00 -3,4339e-01 -2,9232e+00 +3,1091e+00 -2,7940e+00 -3,0844e+00 +3,0155e+00
% f evaluations | g evaluations | best noise-free fitness - Fopt | noise-free fitness - Fopt (-1,000000000000e+03) | measured fitness | best measured fitness | x1 | x2...
1 0 +7,260137234e+02 +7,260137234e+02 -2,739862766e+02 -2,739862766e+02 +2,7899e+00 +3,5893e+00 +1,6941e-01 +3,7540e+00 -2,5414e+00 -4,5267e+00 -1,5732e+00 +4,0460e+00 +4,6312e-01 +3,5797e+00
4 0 +2,947304617e+02 +2,947304617e+02 -7,052695383e+02 -7,052695383e+02 -2,1829e+00 +1,4713e+00 -2,3445e+00 +1,7993e+00 +2,3799e-01 -2,8867e+00 -1,0361e-01 +2,0551e-01 +1,9311e+00 -2,9906e+00
% f evaluations | g evaluations | best noise-free fitness - Fopt | noise-free fitness - Fopt (-9,247000000000e+01) | measured fitness | best measured fitness | x1 | x2...
1 0 +4,160941313e+03 +4,160941313e+03 +4,068471313e+03 +4,068471313e+03 -1,6988e+00 -1,9994e+00 -3,9389e+00 -4,7592e+00 +3,2280e+00 +1,2046e+00 -3,6924e+00 -3,0115e+00 +4,2024e+00 -2,7099e+00
2 0 +1,648626850e+03 +1,648626850e+03 +1,556156850e+03 +1,556156850e+03 -3,8377e+00 -4,7067e+00 +5,2793e-01 -3,4227e+00 +3,9165e+00 -7,4833e-01 +1,1816e+00 +3,0602e+00 -2,5483e+00 -1,3983e+00
3 0 +6,937057959e+02 +6,937057959e+02 +6,012357959e+02 +6,012357959e+02 +1,1093e+00 -4,5269e+00 -4,7091e+00 +9,4653e-01 +7,3988e-01 -3,3036e+00 +3,2582e+00 +2,5584e+00 -9,8503e-01 +2,8370e+00
10 0 +5,098602736e+02 +5,098602736e+02 +4,173902736e+02 +4,173902736e+02 +2,7317e+00 -3,1314e-01 +3,1306e+00 -5,2974e-01 +4,6548e+00 -2,5068e+00 +4,9546e+00 -1,7938e+00 -6,2737e-01 +1,3809e+00
12 0 +3,619355504e+02 +3,619355504e+02 +2,694655504e+02 +2,694655504e+02 +2,0607e+00 -2,4121e+00 -4,1648e+00 +1,8743e+00 -3,5934e+00 -2,6999e+00 -4,6359e+00 +3,0074e+00 +4,8384e+00 +8,0924e-01
% f evaluations | g evaluations | best noise-free fitness - Fopt | noise-free fitness - Fopt (-2,153000000000e+02) | measured fitness | best measured fitness | x1 | x2...
1 0 +6,540686670e+03 +6,540686670e+03 +6,325386670e+03 +6,325386670e+03 +3,8521e+00 +2,5568e+00 -2,8776e+00 -3,1498e+00 -1,8420e+00 +2,0837e-01 +4,5134e+00 +1,7209e+00 -4,5879e+00 +2,8616e+00
2 0 +1,923461858e+03 +1,923461858e+03 +1,708161858e+03 +1,708161858e+03 -1,7617e+00 +4,5805e+00 -3,8618e+00 +3,6778e+00 -3,1217e+00 +1,4992e+00 +2,2465e+00 +1,9956e+00 -1,2295e+00 +4,5468e-01
3 0 +1,128963428e+03 +1,128963428e+03 +9,136634283e+02 +9,136634283e+02 +3,8006e+00 +3,2227e+00 +3,7609e+00 -3,4622e+00 +2,1030e+00 -4,7503e+00 +4,9619e+00 +2,9861e-01 +2,7386e-01 -4,9949e+00
4 0 +5,778622651e+02 +5,778622651e+02 +3,625622651e+02 +3,625622651e+02 -3,0118e+00 +1,6255e+00 +1,6101e+00 +4,6047e-01 -4,6139e-01 -2,2262e+00 +4,1866e+00 -3,3526e+00 +1,6426e+00 -3,0595e+00
7 0 +2,579500922e+02 +2,579500922e+02 +4,265009225e+01 +4,265009225e+01 -3,0608e+00 +3,7893e+00 -2,7945e-01 +3,7938e+00 +4,4256e+00 -1,1384e+00 -1,3845e+00 +9,3786e-01 +1,5191e+00 -1,8658e+00
% f evaluations | g evaluations | best noise-free fitness - Fopt | noise-free fitness - Fopt (-5,449000000000e+01) | measured fitness | best measured fitness | x1 | x2...
1 0 +5,060964110e+02 +5,060964110e+02 +4,516064110e+02 +4,516064110e+02 +2,0265e+00 -7,9936e-01 +2,9083e+00 +3,3876e+00 -2,8406e+00 +4,0972e+00 -4,9315e+00 -3,3912e-01 +1,2616e+00 -4,8576e+00
6 0 +4,836841555e+02 +4,836841555e+02 +4,291941555e+02 +4,291941555e+02 +2,0952e+00 +2,7593e+00 +1,9243e+00 -3,6266e+00 +1,2745e+00 +3,6668e-01 -1,2357e+00 -3,4415e+00 -3,6883e+00 +4,3246e+00
7 0 +4,623296954e+02 +4,623296954e+02 +4,078396954e+02 +4,078396954e+02 +2,1685e+00 -2,2786e+00 +4,2686e-01 +1,7535e+00 +4,8926e-01 -3,5169e+00 +3,0549e+00 -4,4703e+00 -2,7426e+00 -1,4753e+00
13 0 +3,022027009e+02 +3,022027009e+02 +2,477127009e+02 +2,477127009e+02 +1,1300e+00 -2,0150e+00 +3,7205e+00 -2,7715e+00 -1,3578e-01 +3,9707e-01 -1,1426e+00 +2,3849e+00 +1,1545e+00 +1,4778e+00
% f evaluations | g evaluations | best noise-free fitness - Fopt | noise-free fitness - Fopt (5,049000000000e+01) | measured fitness | best measured fitness | x1 | x2...
1 0 +4,378412125e+02 +4,378412125e+02 +4,883312125e+02 +4,883312125e+02 -6,8889e-02 -2,3377e+00 -1,2239e+00 +2,7184e+00 -1,7862e+00 +3,3959e+00 +3,6628e+00 +7,7110e-01 -2,0449e+00 +8,2885e-01
8 0 +4,371708840e+02 +4,371708840e+02 +4,876608840e+02 +4,876608840e+02 -1,0887e+00 -2,1389e+00 -2,8961e+00 -1,8677e+00 +9,5293e-01 -1,7505e+00 -3,9471e+00 +3,9850e+00 -2,4276e+00 -4,4554e+00
11 0 +3,303993273e+02 +3,303993273e+02 +3,808893273e+02 +3,808893273e+02 -1,7835e+00 -3,2634e+00 +3,5255e+00 +9,6569e-01 -3,9839e+00 -1,0054e+00 -1,5087e+00 -3,8439e-01 -2,3915e+00 -2,6682e+00
% f evaluations | g evaluations | best noise-free fitness - Fopt | noise-free fitness - Fopt (-3,641300000000e+02) | measured fitness | best measured fitness | x1 | x2...
1 0 +1,294378928e+03 +1,294378928e+03 +9,302489280e+02 +9,302489280e+02 -1,1166e+00 +4,4006e+00 +4,0877e+00 +4,3774e+00 +4,4931e+00 +4,3654e+00 +4,4105e+00 -4,2226e+00 +3,2985e+00 +1,7371e-02
2 0 +5,206437404e+02 +5,206437404e+02 +1,565137404e+02 +1,565137404e+02 +3,0759e+00 -2,5040e+00 -1,2434e+00 -3,2458e+00 -3,3384e-01 +2,8099e+00 -2,3299e+00 -4,5540e+00 +1,5812e+00 -2,8375e+00
3 0 +3,457000167e+02 +3,457000167e+02 -1,842998327e+01 -1,842998327e+01 +2,0224e+00 -4,2055e+00 -4,4325e+00 -3,2317e+00 -1,1523e+00 -4,9442e+00 +3,6162e+00 +2,0796e+00 -5,5028e-01 +1,0229e-01
11 0 +3,012381060e+02 +3,012381060e+02 -6,289189403e+01 -6,289189403e+01 -1,0352e-01 -1,1327e+00 +1,2223e+00 -3,4579e-01 +1,9747e+00 -1,1281e-01 +2,6205e+00 -3,7945e+00 -1,6539e+00 -7,8052e-01
% f evaluations | g evaluations | best noise-free fitness - Fopt | noise-free fitness - Fopt (1,592700000000e+02) | measured fitness | best measured fitness | x1 | x2...
1 0 +1,824036055e+03 +1,824036055e+03 +1,983306055e+03 +1,983306055e+03 +2,1693e+00 -3,3502e+00 -3,1890e+00 +2,9406e+00 +1,9884e+00 +2,2793e+00 +2,5125e+00 +1,0617e+00 -4,6561e+00 +3,6819e+00
3 0 +1,350322406e+03 +1,350322406e+03 +1,509592406e+03 +1,509592406e+03 +4,1160e+00 +4,6316e+00 -3,3207e+00 -3,9826e+00 -2,4596e+00 -2,2160e+00 -3,9087e+00 +2,0464e+00 +4,0687e+00 +4,6349e+00
6 0 +9,638922716e+02 +9,638922716e+02 +1,123162272e+03 +1,123162272e+03 +1,5225e+00 -2,4025e+00 -3,1295e+00 -5,0758e-01 -2,7681e+00 -1,2934e+00 -4,9431e-02 -3,4979e+00 +4,1590e+00 +2,6013e+00
7 0 +8,894531502e+02 +8,894531502e+02 +1,048723150e+03 +1,048723150e+03 -3,2278e+00 -4,0949e+00 -4,3500e+00 -5,4960e-01 -3,8785e+00 +4,2837e-01 -2,2198e+00 +1,3283e+00 -2,7178e+00 +2,7191e+00
10 0 +4,317490792e+02 +4,317490792e+02 +5,910190792e+02 +5,910190792e+02 +8,6016e-02 -1,1877e+00 +6,6771e-01 +4,2684e+00 -4,6668e+00 +3,3380e+00 -1,9634e+00 -4,6818e+00 +1,6761e+00 +2,9563e+00
11 0 +3,042940983e+02 +3,042940983e+02 +4,635640983e+02 +4,635640983e+02 -4,2002e+00 +3,0919e-01 +4,7517e+00 +2,9667e+00 +1,3140e+00 -9,1333e-02 -1,6243e+00 -2,4133e+00 +4,2836e+00 -1,0544e+00
13 0 +2,808553649e+02 +2,808553649e+02 +4,401253649e+02 +4,401253649e+02 -4,2206e+00 -1,5423e+00 -5,3889e-01 -3,4627e+00 -3,4318e+00 +3,3345e+00 -2,2686e+00 -2,4310e-01 +1,2313e+00 -3,3036e+00
