% f evaluations | g evaluations | best noise-free fitness - Fopt | noise-free fitness - Fopt (-2,098800000000e+02) | measured fitness | best measured fitness | x1 | x2...
1 0 +1,320811943e+07 +1,320811943e+07 +1,320790955e+07 +1,320790955e+07 +4,5640e+00 -2,6166e+00 -1,9590e-01 -4,0656e+00 +2,8165e+00 -3,2804e+00 +4,0383e+00 +1,8157e+00 +3,1824e+00 +2,9969e+00 -2,8105e+00 -2,1238e-01 -8,4249e-01 +4,8454e+00 +4,4661e+00 -2,2551e+00 +2,5199e+00 +4,2134e+00 +1,1499e+00 +6,6681e-01
7 0 +9,464004875e+06 +9,464004875e+06 +9,463794995e+06 +9,463794995e+06 -4,1364e+00 -4,4882e+00 -3,0133e+00 +4,0328e+00 -4,1101e+00 +4,4711e+00 -4,9692e+00 +2,8473e-01 +3,9201e+00 +4,2673e+00 +1,3053e-01 +3,8276e+00 +6,2023e-01 -3,5704e-01 +4,1495e+00 -2,6730e+00 +4,9651e+00 +1,9408e+00 -3,0163e+00 +2,6085e+00
15 0 +8,389399243e+06 +8,389399243e+06 +8,389189363e+06 +8,389189363e+06 +1,5428e+00 -2,9156e+00 -1,0673e+00 +2,3910e+00 +4,3574e+00 +3,1211e+00 -1,6825e+00 +3,2634e+00 +4,0471e+00 -4,2629e+00 +1,9923e+00 -1,7002e+00 -1,5203e-01 -1,4351e+00 +1,2665e+00 -5,3435e-01 +4,4525e-01 +4,9010e+00 -3,7914e+00 -1,4727e-01
21 0 +7,545443896e+06 +7,545443896e+06 +7,545234016e+06 +7,545234016e+06 -9,1646e-01 +3,4594e+00 -3,3780e+00 -3,3210e+00 -3,1214e+00 +7,9329e-01 -2,9125e+00 +2,6908e+00 +4,9714e+00 +2,1425e+00 -1,0132e+00 +3,3823e-01 +3,7123e+00 -4,1640e+00 +4,3091e+00 +1,0879e-01 +2,9307e+00 +1,3833e+00 -3,0390e+00 +1,0603e+00
24 0 +6,306844913e+06 +6,306844913e+06 +6,306635033e+06 +6,306635033e+06 -3,8729e+00 -3,6194e+00 -4,0127e+00 +1,5818e+00 -4,0084e+00 -1,7348e-01 -2,2848e+00 -4,0943e+00 +4,8726e+00 -7,6430e-01 +1,4007e+00 -4,3143e+00 -2,6867e+00 +1,1428e+00 -1,0513e+00 -3,8903e+00 -1,5376e+00 +1,0236e+00 -3,7426e+00 +1,0986e-01
37 0 +3,363343667e+06 +3,363343667e+06 +3,363133787e+06 +3,363133787e+06 -1,7837e+00 +2,4896e+00 -1,5738e+00 +3,1019e+00 +2,1859e+00 -4,6041e+00 +8,3391e-01 +3,7164e+00 -7,6114e-01 +3,5418e+00 -5,3999e-01 +1,7685e-01 +3,2655e+00 -2,2765e+00 -2,5004e+00 -8,1648e-02 +8,7855e-01 +3,6134e+00 -1,2435e+00 +1,7602e+00
% f evaluations | g evaluations | best noise-free fitness - Fopt | noise-free fitness - Fopt (-9,209000000000e+01) | measured fitness | best measured fitness | x1 | x2...
1 0 +3,241698278e+07 +3,241698278e+07 +3,241689069e+07 +3,241689069e+07 +1,2296e+00 +2,5859e+00 -3,5059e+00 +1,0374e+00 +1,6669e+00 -4,0240e-01 +4,8616e+00 -3,5003e+00 -2,8824e-01 -3,8347e+00 -2,7005e+00 -2,8356e+00 +3,0267e+00 +8,2863e-01 -2,8555e+00 -3,8033e+00 -3,5351e+00 +2,1393e+00 +3,2945e+00 +4,0293e+00
3 0 +2,498955152e+07 +2,498955152e+07 +2,498945943e+07 +2,498945943e+07 +3,7674e+00 -3,9509e+00 -4,8982e+00 +9,5649e-01 +1,0173e+00 +1,4113e+00 +4,6977e+00 +3,3790e+00 +9,2646e-01 +3,9384e+00 +4,9129e+00 -4,7696e+00 +1,4989e+00 +1,1609e+00 -1,4084e+00 +2,7801e+00 +1,3377e-01 -1,1572e+00 -2,9872e+00 +9,5742e-01
5 0 +2,119655194e+07 +2,119655194e+07 +2,119645985e+07 +2,119645985e+07 +3,3032e+00 -1,6942e-01 -3,6955e-01 -2,5203e+00 +6,2304e-01 +2,7333e-01 -2,0014e+00 +7,7732e-02 +1,9841e+00 +6,1549e-01 +4,9526e+00 -2,5769e+00 -1,2218e+00 +2,3258e+00 +4,2283e+00 +4,8941e+00 +1,8703e+00 -2,3797e+00 +1,1637e+00 +1,6317e+00
6 0 +7,126620633e+06 +7,126620633e+06 +7,126528543e+06 +7,126528543e+06 -4,2044e+00 -1,1181e+00 -4,6286e+00 -2,2773e+00 +3,5112e+00 -3,6321e+00 +7,5923e-01 +2,3647e+00 +3,7769e+00 +2,1613e+00 +4,6444e+00 -8,8446e-01 +1,1005e+00 -1,2398e+00 -1,1470e+00 -6,9560e-01 -4,8932e+00 +2,7038e+00 +8,9825e-01 -3,7875e+00
% f evaluations | g evaluations | best noise-free fitness - Fopt | noise-free fitness - Fopt (-8,789000000000e+01) | measured fitness | best measured fitness | x1 | x2...
1 0 +1,296706906e+07 +1,296706906e+07 +1,296698117e+07 +1,296698117e+07 +4,4018e+00 -2,4765e+00 +1,4516e+00 +8,0322e-01 -3,9088e+00 +4,9840e+00 -3,2674e+00 -1,9837e+00 -4,5804e+00 -4,8590e+00 +4,2326e-01 +2,2821e+00 -3,4515e+00 +2,2928e+00 +2,6383e+00 +3,8734e+00 +3,6872e+00 -1,6500e-01 -4,1176e+00 +4,1253e+00
2 0 +8,744388174e+06 +8,744388174e+06 +8,744300284e+06 +8,744300284e+06 -3,8024e+00 +1,4333e-01 +1,5908e+00 +4,0171e-01 +4,8711e+00 -4,4030e+00 -3,3155e+00 +2,2774e-01 +3,3641e+00 -3,2518e-01 +4,4265e+00 -2,7066e+00 -2,1063e+00 -1,2539e+00 -3,7427e+00 -1,7435e+00 -3,5354e+00 -1,5706e+00 -2,2554e+00 +2,0556e+00
4 0 +6,378940605e+06 +6,378940605e+06 +6,378852715e+06 +6,378852715e+06 -2,7249e+00 +3,6652e+00 +3,7403e+00 +3,3031e+00 -1,9152e+00 -4,9223e-01 -2,5330e+00 -2,4812e+00 +1,8585e+00 -4,8092e+00 -3,2346e+00 -2,9600e+00 -4,3801e+00 +4,3555e+00 -5,7588e-01 +3,4696e-01 +2,3369e+00 +1,9246e-01 +1,0482e+00 +3,7801e+00
13 0 +4,975871661e+06 +4,975871661e+06 +4,975783771e+06 +4,975783771e+06 -3,2293e+00 +4,0163e+00 -2,4596e+00 -3,2323e+00 -3,0194e+00 -2,7138e+00 +3,4968e+00 -5,7744e-01 -3,4157e+00 +7,2975e-01 -2,8230e+00 +1,4579e+00 +4,2178e-01 +3,1290e-01 -4,6878e+00 +1,0953e+00 -1,2882e+00 +1,6420e+00 -3,6432e+00 +3,0307e+00
% f evaluations | g evaluations | best noise-free fitness - Fopt | noise-free fitness - Fopt (3,201900000000e+02) | measured fitness | best measured fitness | x1 | x2...
1 0 +5,976532341e+06 +5,976532341e+06 +5,976852531e+06 +5,976852531e+06 -2,7487e+00 -3,0335e+00 -7,0514e-02 +3,8304e+00 -1,9271e+00 +3,8996e+00 +2,0312e+00 -2,0287e+00 -3,2500e+00 -1,5896e+00 -4,9914e+00 -1,9680e+00 +2,4327e+00 -4,5857e+00 +2,8272e+00 +1,2981e-01 +1,9055e+00 +2,4307e+00 +3,2936e+00 +3,3812e+00
27 0 +4,230215870e+06 +4,230215870e+06 +4,230536060e+06 +4,230536060e+06 +1,6283e+00 -1,2140e+00 -2,8852e+00 +4,1603e+00 -9,5194e-01 -1,9491e+00 -1,6817e+00 -1,5295e-02 +3,3344e+00 -4,1792e+00 +3,8951e-01 +1,1687e+00 +4,5993e+00 -3,6226e+00 +1,6216e+00 +2,6936e+00 -8,4933e-01 +2,7832e+00 +2,1109e+00 +5,1848e-01
32 0 +1,360377804e+06 +1,360377804e+06 +1,360697994e+06 +1,360697994e+06 -1,9116e+00 -4,0799e+00 +6,6622e-01 +4,5533e-01 -4,5286e+00 +3,6023e+00 +1,0714e+00 +5,0448e-01 +4,5029e+00 -4,3230e+00 -4,1874e+00 +2,5980e+00 -3,3624e+00 +4,9660e+00 -3,8274e-01 +1,3491e+00 +3,8072e+00 +1,7509e+00 +2,7682e+00 +1,6535e+00
% f evaluations | g evaluations | best noise-free fitness - Fopt | noise-free fitness - Fopt (-1,042400000000e+02) | measured fitness | best measured fitness | x1 | x2...
1 0 +3,771569435e+07 +3,771569435e+07 +3,771559011e+07 +3,771559011e+07 +4,0122e+00 -2,9179e-01 -2,2899e+00 -5,2362e-01 +2,7648e+00 +3,1126e+00 +4,0095e-01 -3,5105e+00 +3,7424e+00 -4,4349e+00 +4,9471e+00 -4,6574e+00 +1,9806e+00 +2,7149e+00 +9,1034e-01 -1,1663e-01 +3,2466e+00 +2,7757e+00 +1,0479e+00 +1,5700e+00
2 0 +2,049324758e+07 +2,049324758e+07 +2,049314334e+07 +2,049314334e+07 -3,3298e-01 -2,4524e+00 +1,8443e+00 +1,0962e+00 +8,4708e-01 +8,1345e-01 +1,2695e+00 -1,0667e+00 -3,4973e+00 -3,6738e+00 +2,5817e+00 +3,2752e+00 +7,3494e-01 +4,2877e+00 +3,8366e-01 -4,9031e+00 +1,2527e+00 +3,4746e+00 -3,4015e+00 -2,1831e+00
3 0 +1,223896739e+07 +1,223896739e+07 +1,223886315e+07 +1,223886315e+07 -9,1614e-01 -4,0180e+00 -4,5288e-01 +3,4010e+00 -4,3851e+00 +2,9284e+00 -1,1092e+00 -2,3455e+00 +4,1610e+00 +2,4101e+00 +2,8428e+00 +4,9171e+00 +2,6908e+00 -4,5082e+00 +1,7612e+00 -3,5879e+00 +2,8177e+00 +2,0848e+00 +3,9996e+00 -2,9062e+00
9 0 +8,285909359e+06 +8,285909359e+06 +8,285805119e+06 +8,285805119e+06 -3,6410e+00 +3,8186e+00 +2,3613e+00 -4,5871e+00 -3,9473e+00 +3,9429e-01 +3,4822e+00 +2,0137e+00 +4,4866e+00 -3,3666e+00 +5,6358e-01 -3,6283e+00 -3,2872e+00 +1,4884e+00 -4,8127e+00 +2,1843e+00 +3,0648e+00 -3,9380e+00 +1,7186e+00 -2,0790e+00
10 0 +7,649578618e+06 +7,649578618e+06 +7,649474378e+06 +7,649474378e+06 +1,5614e+00 +4,8260e+00 -4,9445e+00 +3,0425e+00 +9,2337e-01 -1,9729e+00 +2,0131e+00 +2,2985e+00 +3,4237e+00 +3,8219e+00 -3,8536e-01 +4,1699e+00 +3,4081e+00 -2,1289e+00 +3,4504e+00 +3,2429e+00 +2,9907e+00 -1,1237e+00 +3,2248e+00 -3,4157e+00
38 0 +2,508079962e+06 +2,508079962e+06 +2,507975722e+06 +2,507975722e+06 +3,3574e+00 +1,5762e+00 -9,2299e-01 +9,8335e-01 -3,3677e+00 +3,1166e+00 +2,4117e+00 +7,5237e-01 +2,9356e+00 +3,0259e+00 -4,1477e+00 +4,4745e+00 +1,6018e+00 -2,1893e+00 -1,5259e-01 -4,9962e+00 +4,8566e+00 -4,0173e-02 -2,1275e-02 -3,7589e+00
% f evaluations | g evaluations | best noise-free fitness - Fopt | noise-free fitness - Fopt (-6,785000000000e+01) | measured fitness | best measured fitness | x1 | x2...
1 0 +1,038781100e+07 +1,038781100e+07 +1,038774315e+07 +1,038774315e+07 -4,6564e+00 -3,4963e+00 -2,5247e-01 +3,2873e-01 +2,9127e+00 +4,6408e+00 +1,4547e+00 +1,2482e+00 +3,5177e+00 -1,6335e+00 -3,6581e+00 -1,2251e+00 -2,3664e+00 -4,3106e+00 +2,2358e+00 -4,2277e+00 -4,1430e+00 -4,3722e+00 +6,9738e-01 +4,5309e+00
4 0 +4,883007944e+06 +4,883007944e+06 +4,882940094e+06 +4,882940094e+06 +1,4750e+00 +2,8816e+00 -2,2134e+00 -3,4744e+00 -1,9105e+00 -3,5749e+00 +4,2657e+00 +3,4815e+00 +1,9074e+00 -3,0529e+00 +4,5444e+00 -3,9484e+00 +2,3751e+00 -1,4660e+00 -2,8563e+00 -1,3386e-02 -3,9346e+00 -8,0778e-01 +1,8408e+00 +1,5387e+00
20 0 +4,735671307e+06 +4,735671307e+06 +4,735603457e+06 +4,735603457e+06 +3,4621e+00 -1,1614e+00 -4,6514e+00 -4,3377e+00 -1,7600e+00 +3,2134e+00 -1,6597e+00 +1,4525e+00 +2,1273e+00 +2,2217e+00 +1,1929e-01 +3,4209e+00 +1,7712e-01 -1,2497e-01 -3,7757e+00 +3,0717e+00 +2,0448e+00 -2,2255e+00 +1,7919e+00 +2,7826e+00
39 0 +3,208320390e+06 +3,208320390e+06 +3,208252540e+06 +3,208252540e+06 +4,5596e+00 +3,3550e+00 +4,9850e+00 +2,9473e+00 +2,0374e+00 -8,6382e-01 -3,8365e+00 -2,5765e-01 +1,2623e+00 +4,0499e+00 -4,8693e+00 -6,7634e-04 +3,8467e+00 +3,1215e+00 -1,7386e+00 +3,1959e+00 +1,3841e+00 -2,0245e+00 +2,7578e+00 +2,2103e+00
% f evaluations | g evaluations | best noise-free fitness - Fopt | noise-free fitness - Fopt (-3,639800000000e+02) | measured fitness | best measured fitness | x1 | x2...
1 0 +5,583215668e+07 +5,583215668e+07 +5,583179270e+07 +5,583179270e+07 -3,8095e+00 +5,0996e-01 +1,3105e+00 -2,8246e+00 -4,2210e+00 -2,2465e+00 -2,0721e-02 -9,8964e-01 -3,7356e+00 +4,3099e+00 -3,2247e+00 +4,6183e+00 -1,9774e+00 -6,8105e-02 -2,3689e+00 +2,8139e+00 -1,9861e+00 +4,3426e+00 -2,7812e+00 -4,6089e+00
3 0 +4,257088789e+07 +4,257088789e+07 +4,257052391e+07 +4,257052391e+07 +3,4601e+00 +3,1896e+00 +3,9151e+00 +2,6626e+00 +1,1112e+00 -3,5736e+00 -6,4976e-01 -2,0136e+00 -4,9157e+00 +1,5358e+00 +1,0634e+00 -4,9978e+00 -2,2245e+00 +1,3542e+00 +1,0268e+00 +3,7301e+00 -3,3709e-01 +2,1019e+00 +6,0710e-01 -3,6743e+00
4 0 +1,516905318e+07 +1,516905318e+07 +1,516868920e+07 +1,516868920e+07 -3,6961e-01 +2,6676e+00 +3,9152e+00 -2,1059e+00 -4,3754e+00 -1,5224e+00 -3,2530e+00 -1,4055e+00 +2,6198e+00 +2,6490e+00 +1,2028e+00 -1,1761e+00 +4,6045e+00 +4,4457e+00 -9,1000e-01 +1,1117e+00 -3,8990e+00 +3,9283e+00 +4,2930e+00 +7,7178e-01
8 0 +2,481799136e+06 +2,481799136e+06 +2,481435156e+06 +2,481435156e+06 -4,8666e+00 -2,6421e+00 +2,6287e+00 -4,9678e+00 +4,5194e+00 -1,6579e-01 +2,2340e+00 -4,5991e+00 -4,5968e+00 -4,9246e+00 -3,1416e-01 -3,7278e+00 -2,8342e+00 +9,0691e-01 -1,5978e-02 -8,1039e-01 -3,6287e+00 +3,1871e+00 +1,7352e+00 +2,7698e+00
% f evaluations | g evaluations | best noise-free fitness - Fopt | noise-free fitness - Fopt (-1,865000000000e+01) | measured fitness | best measured fitness | x1 | x2...
1 0 +8,274933010e+06 +8,274933010e+06 +8,274914360e+06 +8,274914360e+06 -3,8548e+00 +2,2488e-01 +1,6249e+00 -3,5242e+00 +2,5669e+00 +3,4735e+00 +3,6408e+00 -3,4251e-01 +3,7255e+00 +2,6895e+00 -2,9239e+00 +1,4866e+00 -4,4837e+00 +2,7633e+00 -7,6676e-01 -4,4372e+00 +4,7364e+00 +6,3112e-02 -1,0934e+00 -1,7142e+00
6 0 +7,343228422e+06 +7,343228422e+06 +7,343209772e+06 +7,343209772e+06 +3,6054e+00 -1,8033e+00 +4,4039e+00 -6,2945e-01 +3,1785e+00 -4,1704e+00 -3,0930e+00 +3,9455e+00 +1,3167e+00 +2,1909e+00 -2,3155e+00 +3,7882e+00 +7,1678e-01 +5,2768e-01 +3,0908e+00 +5,7686e-02 +1,8009e+00 -1,6824e+00 +1,1250e+00 +2,5607e+00
14 0 +6,663758716e+06 +6,663758716e+06 +6,663740066e+06 +6,663740066e+06 -2,5816e+00 -3,9117e+00 -3,0060e-02 -3,9515e+00 -3,2811e+00 +3,8930e+00 -3,3917e+00 +4,6957e-01 -8,7315e-01 -4,5609e+00 -3,6661e+00 +8,5358e-01 +3,4373e-01 -4,8618e+00 +1,8994e+00 +1,5367e+00 -1,6366e+00 -1,4080e+00 -8,3411e-02 +2,0716e+00
15 0 +4,253889961e+06 +4,253889961e+06 +4,253871311e+06 +4,253871311e+06 +1,9676e+00 -3,5375e+00 +4,0162e+00 +2,8594e+00 +5,1527e-01 -1,1333e+00 -4,0172e+00 +4,7077e+00 +3,8307e+00 -2,5469e-01 -1,5028e+00 +1,3180e+00 +1,6645e+00 -3,5917e+00 +2,0730e+00 -1,0071e+00 +1,9426e+00 -3,2283e+00 +1,7913e+00 -3,0407e-01
% f evaluations | g evaluations | best noise-free fitness - Fopt | noise-free fitness - Fopt (1,749200000000e+02) | measured fitness | best measured fitness | x1 | x2...
1 0 +8,373395005e+07 +8,373395005e+07 +8,373412497e+07 +8,373412497e+07 +2,3089e+00 +4,9269e+00 +1,6094e-02 +3,3108e-01 +3,4391e-01 +1,5787e+00 +3,1898e+00 +2,7232e+00 +1,8421e-01 +3,1623e+00 -4,4126e+00 +3,4129e+00 -3,7299e+00 +3,3579e+00 -1,1815e+00 -2,2312e+00 -3,1025e+00 +3,4091e+00 -2,3479e-01 +4,5789e+00
2 0 +6,971516512e+06 +6,971516512e+06 +6,971691432e+06 +6,971691432e+06 -2,3138e+00 -9,0637e-01 +4,6435e+00 +3,4146e+00 -3,3170e+00 -4,9607e+00 +2,2147e+00 -2,0865e+00 +1,1818e+00 -4,8364e+00 +4,0276e+00 -4,9703e+00 +4,5474e-01 +4,7013e+00 -3,0369e+00 +1,5245e+00 +1,7608e+00 -2,4629e+00 +4,8098e+00 -3,2500e+00
20 0 +2,346679498e+06 +2,346679498e+06 +2,346854418e+06 +2,346854418e+06 +2,7925e+00 -4,0584e-01 -4,3336e+00 +4,6752e+00 +4,3169e-01 +1,6635e+00 -2,4104e+00 -4,3604e+00 +1,1448e-03 -3,4289e+00 +7,3913e-01 -3,3484e+00 +1,1201e+00 +2,7939e-01 +4,3282e+00 -1,9927e+00 +1,4689e+00 -4,9287e-01 +1,3522e+00 -3,6729e+00
% f evaluations | g evaluations | best noise-free fitness - Fopt | noise-free fitness - Fopt (-5,659600000000e+02) | measured fitness | best measured fitness | x1 | x2...
1 0 +1,289633790e+07 +1,289633790e+07 +1,289577194e+07 +1,289577194e+07 +4,6530e+00 +2,6146e+00 +4,5519e+00 -1,0448e+00 -3,5341e+00 +1,0455e-01 -4,8341e+00 -3,5736e+00 -4,0494e+00 -3,1870e+00 +4,9341e+00 -4,5536e+00 +2,7753e+00 -4,6296e+00 -1,3671e+00 +4,5357e+00 +2,8347e+00 -1,3333e+00 +4,4015e+00 +1,5841e+00
2 0 +9,760788682e+06 +9,760788682e+06 +9,760222722e+06 +9,760222722e+06 +9,4038e-02 -5,1050e-01 +2,5827e-01 +2,7370e+00 -5,8307e-01 +3,1491e-01 -4,4402e+00 -3,2364e+00 -3,5265e+00 +3,6668e+00 -2,4496e+00 +2,8469e+00 -2,5609e+00 +2,6506e+00 +3,0387e+00 +3,4571e+00 -3,1349e+00 +2,0190e+00 -8,0495e-01 +4,2544e+00
3 0 +8,550382096e+06 +8,550382096e+06 +8,549816136e+06 +8,549816136e+06 -3,1576e+00 +2,4438e+00 -4,5188e+00 -1,8955e-01 +4,3744e+00 +4,5406e+00 +8,0147e-01 -2,6523e+00 -3,2601e+00 +4,6380e+00 -3,8891e+00 +6,6660e-01 -3,4519e+00 +1,2796e+00 +2,9173e+00 +2,9632e+00 -8,2416e-01 +1,6082e-02 +2,3841e+00 +3,3455e-01
8 0 +7,386035269e+06 +7,386035269e+06 +7,385469309e+06 +7,385469309e+06 -3,7946e+00 -3,5359e+00 -3,2842e+00 +2,5249e+00 -1,4531e+00 -2,9710e-01 +2,5649e+00 +4,3009e+00 +1,9207e+00 -4,6603e+00 -2,9527e-01 -9,1679e-01 -1,1741e+00 +3,9972e+00 +2,1997e+00 +1,1137e+00 +3,7284e+00 -1,9954e+00 +2,7856e+00 +3,5091e+00
9 0 +5,279623881e+06 +5,279623881e+06 +5,279057921e+06 +5,279057921e+06 +1,1006e+00 +1,6814e+00 -1,5415e+00 -1,6295e+00 -4,3330e+00 +6,3983e-01 +1,2502e+00 -4,3116e+00 +4,5381e+00 +1,8416e+00 -2,2392e+00 +3,8979e+00 +4,7115e+00 +1,9356e-02 +3,1046e+00 -1,6571e+00 +2,2842e+00 +1,5161e+00 +1,0626e+00 +3,8852e+00
25 0 +3,093938676e+06 +3,093938676e+06 +3,093372716e+06 +3,093372716e+06 -4,9493e+00 +4,3014e+00 -1,9342e+00 -3,8393e-02 -1,9006e-01 -2,9118e+00 -3,5985e+00 -3,8715e+00 -4,4562e+00 -3,3587e+00 -4,5901e+00 -5,4721e-01 -1,3933e+00 +1,6865e+00 -2,3757e+00 +2,2036e-01 -4,1531e+00 -6,7649e-01 -2,1155e-01 +2,7395e+00
% f evaluations | g evaluations | best noise-free fitness - Fopt | noise-free fitness - Fopt (7,095000000000e+01) | measured fitness | best measured fitness | x1 | x2...
1 0 +1,131596898e+07 +1,131596898e+07 +1,131603993e+07 +1,131603993e+07 +3,8798e+00 +4,4580e-01 +3,1848e+00 -4,3545e+00 -4,4991e+00 -2,6542e+00 -2,8965e+00 -7,9573e-01 +3,3479e+00 -2,8202e-01 +1,2905e+00 +1,7469e+00 -1,0925e+00 +2,0633e+00 +4,7219e+00 -3,0212e+00 +2,4616e+00 +4,7777e-01 -4,5823e+00 +3,7853e+00
5 0 +8,844136889e+06 +8,844136889e+06 +8,844207839e+06 +8,844207839e+06 +3,6874e+00 +2,8690e+00 -6,2441e-01 +7,3696e-01 -4,8316e+00 -3,4789e+00 -1,2588e+00 +5,7117e-01 +2,1011e+00 +3,9596e+00 -2,9234e+00 +1,3307e+00 -4,7137e+00 -3,6831e+00 +4,5507e-01 -6,2508e-02 -4,6446e+00 +3,1255e+00 -4,3711e+00 +1,8442e+00
18 0 +5,699344694e+06 +5,699344694e+06 +5,699415644e+06 +5,699415644e+06 +6,5654e-01 +8,2108e-01 -3,9129e+00 -4,0319e+00 +5,5736e-01 +3,3866e+00 -1,9288e+00 +3,9846e+00 -4,9725e+00 -3,9508e+00 -5,9238e-01 -1,1389e+00 -1,2159e+00 -4,0961e+00 +4,7962e-01 +1,9328e+00 +4,4321e+00 +4,4519e+00 -2,0209e+00 +3,0047e-01
25 0 +3,439060198e+06 +3,439060198e+06 +3,439131148e+06 +3,439131148e+06 +2,5921e+00 +4,9493e+00 -3,4379e+00 -1,6459e+00 -4,7662e+00 +4,3754e-01 -1,3132e+00 -2,9261e+00 +4,2656e+00 -4,8531e+00 -6,1848e-02 +1,9078e+00 -2,8304e+00 -2,5046e-01 -2,8861e-01 +4,0576e+00 -1,0148e+00 +1,1872e+00 -1,7766e+00 +1,8506e+00
% f evaluations | g evaluations | best noise-free fitness - Fopt | noise-free fitness - Fopt (4,728000000000e+01) | measured fitness | best measured fitness | x1 | x2...
1 0 +2,535047627e+07 +2,535047627e+07 +2,535052355e+07 +2,535052355e+07 +1,7849e+00 -2,3228e+00 -2,6051e+00 +4,2535e+00 -1,3472e+00 -3,6417e+00 -4,7638e+00 +3,7455e+00 -4,8011e+00 -9,8968e-01 -3,8521e+00 -3,8184e+00 -2,5244e+00 +3,9329e+00 +2,7608e+00 -6,1625e-01 +3,8794e+00 +3,0292e+00 +3,3038e+00 -3,4424e+00
2 0 +1,883511758e+07 +1,883511758e+07 +1,883516486e+07 +1,883516486e+07 +4,4620e-01 +1,9987e-01 +1,9151e+00 +1,3303e+00 -4,7971e+00 -1,2495e-01 +4,8603e+00 +1,7698e+00 -2,9952e-01 -6,1902e-01 -2,6677e+00 -2,8912e+00 -2,5278e+00 +3,0292e+00 +4,0323e-01 -3,8435e-01 -1,7100e-01 +1,5671e+00 -3,3466e+00 -6,6075e-01
3 0 +4,618878850e+06 +4,618878850e+06 +4,618926130e+06 +4,618926130e+06 -8,5693e-01 -2,0556e+00 -3,9815e+00 +1,2982e+00 -1,4304e+00 -7,7536e-01 +4,7733e-01 +3,0958e+00 -4,9837e+00 +4,9133e+00 -2,6549e+00 -4,0889e+00 -9,0472e-01 +3,9736e+00 -3,8578e+00 +3,3491e+00 +1,7792e+00 -3,6327e+00 +3,2747e+00 +7,3196e-01
33 0 +4,416653298e+06 +4,416653298e+06 +4,416700578e+06 +4,416700578e+06 +3,3545e+00 -3,1268e+00 +2,0641e+00 +2,1305e+00 +3,1449e+00 -2,4331e+00 +5,0090e-01 -4,8306e+00 -3,1330e+00 -4,3191e+00 +8,3804e-01 +1,7137e+00 -2,9482e+00 +1,3463e+00 -1,5515e+00 +4,1760e+00 -1,7571e+00 -3,2872e+00 +1,0988e+00 +1,2035e+00
% f evaluations | g evaluations | best noise-free fitness - Fopt | noise-free fitness - Fopt (-5,688800000000e+02) | measured fitness | best measured fitness | x1 | x2...
1 0 +2,903442822e+07 +2,903442822e+07 +2,903385934e+07 +2,903385934e+07 +4,1176e+00 +1,1040e+00 -1,6679e+00 -8,4479e-01 -4,3149e+00 +1,9612e+00 +4,7025e+00 +3,5238e+00 -4,1881e+00 +1,4438e+00 +5,8197e-01 -4,5798e+00 +2,7077e-01 -1,1626e+00 -3,6152e+00 -1,1357e+00 +2,4879e+00 +1,7426e+00 -1,1700e+00 +2,3876e+00
4 0 +1,657702157e+07 +1,657702157e+07 +1,657645269e+07 +1,657645269e+07 -2,9599e+00 +4,8921e+00 -3,5839e+00 +2,2305e+00 -4,0465e+00 +4,6908e+00 +4,0485e-01 +4,0159e+00 -3,1246e-01 -5,3923e-01 +8,2958e-01 +3,7474e+00 -1,8656e+00 -1,1080e+00 +4,1970e+00 -7,4569e-01 +3,5011e+00 -1,1772e+00 +2,8056e-01 +1,7620e+00
7 0 +1,403152005e+07 +1,403152005e+07 +1,403095117e+07 +1,403095117e+07 -3,7012e+00 +4,6427e+00 +9,3003e-01 +1,4940e+00 -4,7947e+00 -2,2713e+00 -9,2834e-01 -3,4195e+00 -6,7139e-01 +1,0846e+00 -1,2056e+00 +2,9232e-01 +1,4525e-01 +2,2843e+00 -4,4060e+00 -1,8701e+00 -1,9428e-01 -1,0928e+00 -1,2817e+00 -2,5259e+00
11 0 +5,875254121e+06 +5,875254121e+06 +5,874685241e+06 +5,874685241e+06 -3,7563e+00 -2,2148e+00 +1,0897e-01 -4,2182e-01 +4,1099e+00 -1,0126e+00 -2,8470e+00 -7,3441e-01 +1,9766e+00 +4,8147e+00 -8,0672e-01 -1,2583e+00 +3,8849e-01 -5,9098e-01 +4,8550e+00 -3,1816e+00 -9,3815e-01 +1,7089e-01 +2,8373e+00 -4,7726e-01
27 0 +3,891362092e+06 +3,891362092e+06 +3,890793212e+06 +3,890793212e+06 -4,5214e+00 +3,6049e+00 +4,7145e+00 -3,0956e+00 -3,7682e+00 +2,8865e+00 -9,8285e-01 -4,2311e-02 -2,6291e-01 -4,5913e+00 +3,6524e+00 -4,6982e+00 +1,1893e+00 -3,2799e+00 +2,2310e+00 +1,9204e+00 -8,9848e-01 -4,1410e+00 +3,8085e+00 -6,2018e-01
% f evaluations | g evaluations | best noise-free fitness - Fopt | noise-free fitness - Fopt (2,069000000000e+01) | measured fitness | best measured fitness | x1 | x2...
1 0 +1,510480521e+07 +1,510480521e+07 +1,510482590e+07 +1,510482590e+07 -4,0573e+00 +2,9991e+00 -4,5410e+00 -2,2775e+00 -6,5482e-01 +2,3884e-01 +2,2504e+00 +1,8307e+00 +4,4675e+00 +4,4575e+00 +2,0207e+00 +4,5305e+00 +6,1489e-01 +4,6229e+00 -1,9814e+00 -2,4794e+00 +2,5972e+00 -2,5363e+00 -2,0605e+00 -4,0576e-01
3 0 +1,052646828e+07 +1,052646828e+07 +1,052648897e+07 +1,052648897e+07 +4,1461e+00 +2,9426e+00 +9,7764e-02 +1,8807e+00 -2,6169e+00 +2,8811e+00 +1,6286e+00 +1,9837e+00 +2,3790e+00 +3,4243e-01 -3,8904e+00 -3,4660e+00 -2,9943e+00 +2,9168e+00 +3,1777e+00 -2,5920e+00 -7,1284e-01 -4,5968e+00 +8,5605e-01 -3,3838e+00
8 0 +8,782383489e+06 +8,782383489e+06 +8,782404179e+06 +8,782404179e+06 +4,9927e+00 -2,0102e+00 +4,7732e+00 -8,5286e-01 -2,9077e+00 +7,7536e-01 -4,8167e+00 +4,7212e+00 -3,6297e+00 -2,1134e+00 +4,5841e+00 +6,1183e-01 +3,4467e+00 -3,7771e+00 +3,8447e+00 +3,7794e-01 +2,4984e+00 +2,5895e+00 +3,5914e+00 -1,2788e-01
9 0 +8,166724643e+06 +8,166724643e+06 +8,166745333e+06 +8,166745333e+06 -1,8540e+00 +5,4516e-01 +2,9258e+00 -3,9525e+00 -4,6240e+00 -1,5730e+00 +4,9396e+00 -1,2494e+00 -3,7558e+00 -3,1501e+00 +1,6625e+00 -8,5415e-02 +9,0140e-01 -2,1454e+00 +3,1575e+00 -2,0210e+00 +3,3474e+00 +3,3183e+00 +1,6233e+00 -4,6724e+00
12 0 +6,837363287e+06 +6,837363287e+06 +6,837383977e+06 +6,837383977e+06 +4,8164e+00 -1,9654e+00 +3,4147e+00 +3,0622e+00 +3,3962e+00 +4,7914e+00 +1,4677e+00 -4,4965e+00 -4,4826e+00 +4,1404e+00 +2,5845e+00 -3,0861e+00 +2,7027e+00 -4,2026e+00 -9,5846e-02 +5,0456e-01 +3,3303e+00 -2,1221e+00 -1,5873e-01 -3,2900e+00
27 0 +6,466267099e+06 +6,466267099e+06 +6,466287789e+06 +6,466287789e+06 -3,5548e+00 +4,8009e+00 +7,2488e-01 -3,7260e+00 +8,9637e-01 +1,4658e+00 -1,0195e+00 +2,7031e+00 -4,9581e+00 -4,5531e+00 -4,7403e+00 +4,6374e+00 -4,9945e+00 +3,2223e+00 -5,0638e-01 -2,1657e+00 -1,7860e+00 +8,3437e-01 +1,9668e+00 -4,4077e+00
30 0 +3,579124230e+06 +3,579124230e+06 +3,579144920e+06 +3,579144920e+06 +3,0782e+00 +4,0390e+00 -3,6667e+00 -2,3465e+00 +2,3082e+00 +1,9268e+00 -2,0039e+00 +2,0402e+00 -1,8850e+00 -2,8310e+00 -2,2414e+00 -3,3641e+00 +2,6526e+00 -4,6924e+00 -3,2659e+00 +9,0654e-01 -2,2572e-01 +2,2362e+00 +3,5409e+00 -3,0320e+00
% f evaluations | g evaluations | best noise-free fitness - Fopt | noise-free fitness - Fopt (5,616700000000e+02) | measured fitness | best measured fitness | x1 | x2...
1 0 +6,113661587e+07 +6,113661587e+07 +6,113717754e+07 +6,113717754e+07 -4,9845e-01 +1,5526e+00 -2,3067e+00 -4,7069e+00 +2,2877e+00 +5,4247e-01 +1,4428e+00 +3,3090e+00 +1,4049e+00 -2,5972e-01 +3,5117e+00 -4,9254e+00 -1,5902e+00 +4,2510e+00 +2,2072e+00 -2,9024e+00 +1,5387e+00 +3,1518e+00 -8,5894e-01 +3,5498e+00
2 0 +5,584580774e+07 +5,584580774e+07 +5,584636941e+07 +5,584636941e+07 -2,0704e+00 +4,5645e+00 -2,5487e+00 +3,2936e+00 +4,4225e-01 -3,2185e+00 +8,1135e-01 +2,0811e+00 -4,7460e+00 +4,0637e+00 +4,6982e+00 -2,6835e+00 -4,4835e+00 -2,5798e+00 +3,7871e+00 -9,9999e-01 +4,5363e+00 +3,9307e+00 -4,2065e+00 +3,2489e+00
3 0 +3,867398491e+07 +3,867398491e+07 +3,867454658e+07 +3,867454658e+07 -8,2543e-01 +2,9867e+00 +2,6018e+00 +4,1403e+00 +4,6428e-01 +4,2028e+00 +4,0990e+00 -4,4724e+00 +3,8006e+00 -3,0905e-01 -1,2241e+00 -3,0468e+00 -4,5133e+00 +2,8919e+00 -2,1385e+00 -3,1869e+00 -4,0978e+00 -2,7788e+00 -3,4743e+00 +1,5251e+00
4 0 +1,450320863e+07 +1,450320863e+07 +1,450377030e+07 +1,450377030e+07 +2,1115e+00 +4,1512e-01 -3,4859e+00 +1,6103e+00 +4,3379e+00 +4,6530e+00 -5,2801e-01 +4,3182e+00 +1,4081e+00 -1,7198e+00 -8,3097e-01 -2,2907e+00 +2,1489e-03 +2,2744e+00 +3,8553e+00 +2,9540e+00 +1,3470e+00 +3,4736e+00 -2,9428e+00 +1,6622e-02
6 0 +1,220399383e+07 +1,220399383e+07 +1,220455550e+07 +1,220455550e+07 +2,0779e+00 +1,3649e+00 +3,8040e+00 +4,4401e+00 -2,5877e+00 -2,0775e+00 +2,3361e+00 -6,2707e-01 +2,1384e-01 -4,5985e-01 +1,4991e+00 +4,8725e+00 +1,0051e+00 +2,4233e+00 -4,2107e+00 +6,7162e-01 -4,4390e+00 +1,9103e+00 +6,5549e-01 -4,8882e+00
22 0 +8,608248519e+06 +8,608248519e+06 +8,608810189e+06 +8,608810189e+06 +4,8174e+00 +2,4332e+00 -2,4135e+00 +7,9619e-01 -3,0486e+00 +2,7577e+00 +2,9340e+00 +2,3036e+00 -3,9491e+00 +9,9078e-01 +2,0964e+00 +2,6614e-01 -3,5568e+00 +1,4009e+00 +3,0834e+00 +5,3629e-01 +4,1832e+00 +4,2691e+00 -1,4111e-01 -1,9220e+00
28 0 +2,229139979e+06 +2,229139979e+06 +2,229701649e+06 +2,229701649e+06 +3,9588e-01 +6,1409e-01 +3,6968e+00 +1,6229e+00 -3,4366e+00 -1,6408e+00 +3,5126e-02 +4,4858e+00 -3,7202e-01 -1,1910e+00 -4,7637e+00 -4,1211e-01 +1,4578e+00 +2,0173e+00 +4,2334e+00 +3,8321e+00 +1,4194e+00 +4,4814e+00 -2,9819e+00 -3,0626e+00
