% f evaluations | g evaluations | best noise-free fitness - Fopt | noise-free fitness - Fopt (-1,694000000000e+01) | measured fitness | best measured fitness | x1 | x2...
1 0 +1,216351841e+02 +1,216351841e+02 +1,046951841e+02 +1,046951841e+02 +4,5505e+00 +3,6473e+00 -1,3924e+00 -4,0118e+00 +1,1301e+00 +3,8838e+00 +2,2612e-01 -2,0841e+00 +4,7559e+00 +2,4097e+00
6 0 +8,550562852e+01 +8,550562852e+01 +6,856562852e+01 +6,856562852e+01 +4,6717e+00 +7,4585e-01 -3,4898e+00 -2,3715e+00 +1,7285e+00 +4,2869e+00 +8,0063e-01 -2,0426e+00 -9,7449e-01 -4,1786e+00
% f evaluations | g evaluations | best noise-free fitness - Fopt | noise-free fitness - Fopt (1,881000000000e+01) | measured fitness | best measured fitness | x1 | x2...
1 0 +5,987966310e+01 +5,987966310e+01 +7,868966310e+01 +7,868966310e+01 +3,9681e-01 +1,2059e+00 -5,4562e-02 -8,4080e-01 -1,6870e+00 +5,3242e-01 +1,6319e+00 +2,9075e+00 +1,6894e+00 +1,1744e+00
4 0 +3,460844851e+01 +3,460844851e+01 +5,341844851e+01 +5,341844851e+01 -2,2270e+00 +2,7131e+00 -1,2700e+00 +1,5853e+00 -1,0696e-01 -4,3447e+00 +4,9070e+00 +2,4696e+00 -1,2330e+00 +1,5322e+00
% f evaluations | g evaluations | best noise-free fitness - Fopt | noise-free fitness - Fopt (2,731500000000e+02) | measured fitness | best measured fitness | x1 | x2...
1 0 +7,699651884e+01 +7,699651884e+01 +3,501465188e+02 +3,501465188e+02 +4,5061e+00 +2,7821e+00 -3,6460e+00 -3,0222e-01 +2,7775e+00 -3,6463e-01 -1,1588e+00 -4,1509e+00 -2,6009e+00 +1,1289e+00
6 0 +6,051209110e+01 +6,051209110e+01 +3,336620911e+02 +3,336620911e+02 +1,8762e+00 +1,3864e+00 +2,5705e+00 +3,4795e+00 +1,5969e+00 -1,7554e+00 -3,5005e+00 -3,5954e+00 -1,0459e+00 +1,0350e+00
19 0 +6,003171119e+01 +6,003171119e+01 +3,331817112e+02 +3,331817112e+02 -4,8878e+00 +4,3000e+00 +2,7768e+00 -5,3260e-01 +4,0152e+00 -3,2685e-01 +1,8571e+00 -2,6178e-01 +3,5417e+00 -3,5635e-01
% f evaluations | g evaluations | best noise-free fitness - Fopt | noise-free fitness - Fopt (3,718000000000e+01) | measured fitness | best measured fitness | x1 | x2...
1 0 +8,069562216e+01 +8,069562216e+01 +1,178756222e+02 +1,178756222e+02 +7,1967e-01 +4,6877e+00 +1,6133e+00 +3,0086e-01 -3,1828e+00 +1,0032e+00 +2,4073e+00 -3,6530e+00 -2,1140e+00 -3,3538e+00
8 0 +5,278781347e+01 +5,278781347e+01 +8,996781347e+01 +8,996781347e+01 -1,8771e+00 +7,1562e-01 +4,8141e-02 +4,3041e+00 +8,9950e-01 +3,1642e+00 -2,8404e+00 -2,8854e+00 -1,0324e+00 -1,5568e+00
% f evaluations | g evaluations | best noise-free fitness - Fopt | noise-free fitness - Fopt (-1,479000000000e+02) | measured fitness | best measured fitness | x1 | x2...
1 0 +4,420000532e+01 +4,420000532e+01 -1,036999947e+02 -1,036999947e+02 +2,0059e-01 +3,7137e-01 +2,2026e+00 -2,6134e+00 -2,9913e+00 +4,3957e+00 +1,4555e-01 -2,5553e+00 -4,2880e+00 +1,2125e+00
18 0 +4,337305019e+01 +4,337305019e+01 -1,045269498e+02 -1,045269498e+02 -1,9896e+00 +4,8775e+00 +1,7311e+00 -2,8023e+00 -2,6851e+00 +2,3276e+00 -3,0389e+00 -2,9853e+00 -2,9230e+00 +1,6226e+00
% f evaluations | g evaluations | best noise-free fitness - Fopt | noise-free fitness - Fopt (4,817100000000e+02) | measured fitness | best measured fitness | x1 | x2...
1 0 +1,155361917e+02 +1,155361917e+02 +5,972461917e+02 +5,972461917e+02 +4,7698e+00 +1,4704e+00 -1,3862e+00 +4,1666e-01 -2,1886e+00 +8,1909e-01 +3,1479e+00 +3,7303e+00 -2,4961e+00 -3,5589e+00
2 0 +7,374145817e+01 +7,374145817e+01 +5,554514582e+02 +5,554514582e+02 +3,8888e+00 -3,5885e+00 +7,9016e-01 -1,2961e+00 +1,9538e+00 -6,8817e-01 -4,5447e+00 -4,8192e+00 -1,5874e-01 -4,3144e+00
12 0 +6,986707379e+01 +6,986707379e+01 +5,515770738e+02 +5,515770738e+02 +4,5012e+00 -2,2221e+00 +1,7340e+00 +4,4607e+00 +3,7782e-01 -3,7081e+00 +6,0017e-01 -1,6613e+00 +2,7162e+00 +4,6468e+00
% f evaluations | g evaluations | best noise-free fitness - Fopt | noise-free fitness - Fopt (-3,646000000000e+01) | measured fitness | best measured fitness | x1 | x2...
1 0 +4,378474164e+02 +4,378474164e+02 +4,013874164e+02 +4,013874164e+02 +5,3863e-01 -2,2441e+00 +9,1550e-01 +3,9598e-01 +4,1531e+00 -4,6853e+00 -1,1981e+00 -2,2172e+00 +2,2620e+00 +3,3005e+00
4 0 +2,491884557e+02 +2,491884557e+02 +2,127284557e+02 +2,127284557e+02 -2,1673e-01 -2,3255e+00 -4,1232e-01 +2,1954e+00 +1,7594e+00 +9,5183e-01 -4,1254e+00 +2,0729e+00 +4,4862e+00 +3,5083e+00
6 0 +1,443232134e+02 +1,443232134e+02 +1,078632134e+02 +1,078632134e+02 -3,1477e+00 -4,6485e+00 +3,8328e+00 +1,6375e+00 +5,9504e-01 +1,1802e+00 +1,8900e+00 +1,1424e+00 -3,5843e+00 -2,2351e+00
15 0 +6,870166082e+01 +6,870166082e+01 +3,224166082e+01 +3,224166082e+01 -9,2816e-02 -3,1035e+00 -2,7692e+00 -2,4265e+00 +4,7883e+00 -5,9456e-01 +4,3770e+00 -2,8957e+00 -3,3721e+00 -1,3226e+00
% f evaluations | g evaluations | best noise-free fitness - Fopt | noise-free fitness - Fopt (3,920000000000e+01) | measured fitness | best measured fitness | x1 | x2...
1 0 +1,229224455e+02 +1,229224455e+02 +1,621224455e+02 +1,621224455e+02 +4,5320e+00 -1,0184e+00 +4,3885e+00 -1,3162e+00 +1,9499e+00 +4,9850e-01 +2,8858e+00 +2,3382e+00 -4,3331e+00 +1,0646e+00
2 0 +1,120735495e+02 +1,120735495e+02 +1,512735495e+02 +1,512735495e+02 -2,3950e-01 -3,1383e+00 -3,1688e+00 +1,1555e+00 +4,1470e+00 +9,6023e-01 +3,8816e+00 +1,4690e+00 +3,3047e+00 -4,5319e+00
5 0 +8,084791333e+01 +8,084791333e+01 +1,200479133e+02 +1,200479133e+02 +1,1412e+00 +7,8717e-01 +4,3320e+00 +4,9348e+00 -4,4023e+00 +6,2569e-01 +2,3063e+00 -4,9334e+00 -3,1715e-01 +2,1493e+00
12 0 +5,675029500e+01 +5,675029500e+01 +9,595029500e+01 +9,595029500e+01 +1,1551e+00 -1,4288e+00 -1,2346e+00 +3,3785e+00 +4,4011e+00 -2,1583e+00 +2,5663e+00 +2,0431e-01 +4,8991e+00 +1,5555e+00
% f evaluations | g evaluations | best noise-free fitness - Fopt | noise-free fitness - Fopt (-3,225000000000e+01) | measured fitness | best measured fitness | x1 | x2...
1 0 +4,650145908e+02 +4,650145908e+02 +4,327645908e+02 +4,327645908e+02 -5,0092e-01 +4,1419e+00 +3,5532e+00 -2,5243e-01 -1,9972e+00 +2,6082e+00 -4,6916e+00 -1,9392e+00 -1,9183e+00 +1,9954e+00
7 0 +3,164693258e+02 +3,164693258e+02 +2,842193258e+02 +2,842193258e+02 +1,8453e+00 +4,4973e+00 +1,4495e+00 +1,4429e+00 +2,9729e+00 -2,9902e+00 +3,0522e+00 -3,2136e+00 -1,6958e+00 -4,0426e+00
8 0 +9,744557995e+01 +9,744557995e+01 +6,519557995e+01 +6,519557995e+01 +2,8310e+00 -2,3445e+00 +1,4395e+00 -4,3529e+00 +4,6467e+00 -4,2610e+00 +1,3424e+00 -2,7207e+00 -2,5326e+00 -1,7675e+00
% f evaluations | g evaluations | best noise-free fitness - Fopt | noise-free fitness - Fopt (3,681200000000e+02) | measured fitness | best measured fitness | x1 | x2...
1 0 +2,800846963e+02 +2,800846963e+02 +6,482046963e+02 +6,482046963e+02 +4,6051e+00 -3,8510e+00 -4,5911e+00 +3,9937e+00 +3,2187e+00 +4,3161e+00 -3,4347e+00 -7,0102e-01 -3,5569e+00 +2,2617e+00
2 0 +2,667480885e+02 +2,667480885e+02 +6,348680885e+02 +6,348680885e+02 +1,2430e+00 -3,8965e+00 +1,0174e+00 +3,4935e+00 -5,6800e-01 +4,5587e+00 -3,8778e+00 -4,5854e+00 +4,9783e+00 -1,4313e+00
3 0 +1,325055223e+02 +1,325055223e+02 +5,006255223e+02 +5,006255223e+02 +2,0708e+00 -3,9856e+00 -4,3146e+00 -7,5096e-01 -3,7270e+00 +1,0623e+00 -4,7272e+00 -1,5760e-01 +3,8186e+00 +3,4725e+00
4 0 +3,979883026e+01 +3,979883026e+01 +4,079188303e+02 +4,079188303e+02 -1,4115e+00 +1,2834e+00 -3,3604e+00 -4,3057e+00 +1,3635e+00 +1,3234e+00 +8,8464e-01 -3,2639e+00 -2,4974e-01 +4,1090e-01
% f evaluations | g evaluations | best noise-free fitness - Fopt | noise-free fitness - Fopt (4,739000000000e+01) | measured fitness | best measured fitness | x1 | x2...
1 0 +8,254787023e+01 +8,254787023e+01 +1,299378702e+02 +1,299378702e+02 +2,2010e+00 +2,4350e+00 -4,7946e+00 -6,9326e-01 -4,4008e+00 +1,0658e+00 +4,4815e+00 +2,7121e+00 +2,7384e+00 +2,1062e+00
2 0 +7,091031908e+01 +7,091031908e+01 +1,183003191e+02 +1,183003191e+02 -9,7064e-01 +2,8250e+00 +6,8239e-01 +3,1290e+00 -1,6039e+00 +1,9373e+00 -1,3854e+00 -4,8334e+00 +3,4236e+00 -1,7557e+00
5 0 +3,451056635e+01 +3,451056635e+01 +8,190056635e+01 +8,190056635e+01 +3,1059e+00 +3,6742e+00 +3,6440e+00 +4,3786e-01 +1,1544e+00 +4,8352e+00 -1,0446e+00 -2,9822e+00 -3,9040e+00 -1,5790e+00
% f evaluations | g evaluations | best noise-free fitness - Fopt | noise-free fitness - Fopt (-3,428900000000e+02) | measured fitness | best measured fitness | x1 | x2...
1 0 +3,298649755e+02 +3,298649755e+02 -1,302502448e+01 -1,302502448e+01 +3,3655e+00 +4,4885e+00 +5,6754e-01 +2,4314e+00 +1,9445e+00 +1,8989e-01 +3,3103e+00 -3,8519e+00 +4,2621e+00 +7,6526e-01
2 0 +2,828642450e+02 +2,828642450e+02 -6,002575495e+01 -6,002575495e+01 -1,9120e+00 -2,9681e+00 -4,6986e-01 +3,0939e+00 -1,1342e-02 +3,0472e+00 -2,8977e+00 -3,7163e+00 +3,0854e+00 +2,5010e+00
3 0 +1,789531463e+02 +1,789531463e+02 -1,639368537e+02 -1,639368537e+02 -3,0906e+00 -3,1582e+00 +8,4471e-01 -4,6304e+00 +4,2633e+00 -4,9506e+00 +2,4606e+00 -1,0887e+00 -3,1156e+00 -2,4749e+00
4 0 +1,030436745e+02 +1,030436745e+02 -2,398463255e+02 -2,398463255e+02 -4,8558e+00 +3,2012e+00 +4,8694e+00 -3,5947e+00 -1,4610e+00 +2,1955e+00 -3,7591e+00 +2,5687e+00 -2,3624e+00 +2,4653e+00
7 0 +9,833011426e+01 +9,833011426e+01 -2,445598857e+02 -2,445598857e+02 +9,7523e-01 -2,7786e+00 -4,4372e+00 +3,9123e+00 -3,6893e+00 +3,0978e-01 -2,6838e+00 -1,5995e-01 -2,5176e+00 -4,8872e+00
13 0 +6,241173226e+01 +6,241173226e+01 -2,804782677e+02 -2,804782677e+02 +1,6397e+00 -3,5510e+00 -9,4400e-04 -2,4075e+00 -4,5762e+00 +1,1420e+00 -3,9276e+00 -2,7658e+00 +2,0917e+00 -2,5397e+00
14 0 +5,943723047e+01 +5,943723047e+01 -2,834527695e+02 -2,834527695e+02 +1,1959e-01 +3,3792e+00 +2,5516e+00 -3,8294e+00 -9,8508e-01 -1,4128e+00 -1,4732e-01 -7,4442e-01 +2,1148e+00 -3,9383e+00
% f evaluations | g evaluations | best noise-free fitness - Fopt | noise-free fitness - Fopt (9,102000000000e+01) | measured fitness | best measured fitness | x1 | x2...
1 0 +1,033931528e+02 +1,033931528e+02 +1,944131528e+02 +1,944131528e+02 -2,5851e+00 +1,8322e+00 +2,2923e+00 +3,8284e+00 -2,8479e-01 +4,5669e+00 -2,4089e-01 -2,3431e+00 +3,3491e+00 +4,1507e+00
2 0 +7,550531652e+01 +7,550531652e+01 +1,665253165e+02 +1,665253165e+02 -3,6332e+00 +3,1588e+00 -6,2374e-01 +4,1317e+00 +5,0693e-01 +2,0229e-02 -3,4507e+00 +3,8383e+00 +4,5039e+00 +1,7095e+00
3 0 +6,427720613e+01 +6,427720613e+01 +1,552972061e+02 +1,552972061e+02 -1,0358e+00 -3,4445e-01 +4,3991e+00 -4,9073e+00 +9,8120e-01 -4,8223e+00 -3,2610e+00 -4,7391e+00 +1,9028e+00 +1,2603e+00
14 0 +5,363169295e+01 +5,363169295e+01 +1,446516930e+02 +1,446516930e+02 +1,1871e-02 -3,8735e+00 -1,8241e+00 -4,7408e+00 -4,3980e+00 +7,0154e-01 -4,6035e+00 +1,8781e+00 -1,3337e+00 -2,4821e+00
% f evaluations | g evaluations | best noise-free fitness - Fopt | noise-free fitness - Fopt (7,324200000000e+02) | measured fitness | best measured fitness | x1 | x2...
1 0 +4,822381112e+02 +4,822381112e+02 +1,214658111e+03 +1,214658111e+03 +3,0765e+00 -1,5500e+00 +2,6395e+00 +2,1383e+00 +2,9999e+00 -4,9244e+00 +3,0129e+00 -2,9790e+00 -3,2218e+00 -4,1980e+00
2 0 +9,795942114e+01 +9,795942114e+01 +8,303794211e+02 +8,303794211e+02 +9,1637e-01 +4,5452e+00 +1,9898e+00 -2,2248e+00 +1,9483e+00 -4,9769e+00 +2,9525e+00 -1,3339e-01 -1,8707e+00 -3,7693e+00
4 0 +6,736114153e+01 +6,736114153e+01 +7,997811415e+02 +7,997811415e+02 -1,8569e+00 +2,9617e+00 +4,2384e-01 -2,3629e+00 +2,7956e+00 -1,5107e+00 +3,8926e+00 +1,8853e+00 -1,1991e+00 +1,0129e+00
6 0 +4,758183766e+01 +4,758183766e+01 +7,800018377e+02 +7,800018377e+02 -2,4240e+00 +3,0036e+00 +3,7633e+00 +3,0925e+00 -2,0479e+00 +1,9713e+00 +3,7796e+00 -2,2674e+00 -1,5161e+00 +3,4155e+00
% f evaluations | g evaluations | best noise-free fitness - Fopt | noise-free fitness - Fopt (3,542000000000e+01) | measured fitness | best measured fitness | x1 | x2...
1 0 +3,599586993e+02 +3,599586993e+02 +3,953786993e+02 +3,953786993e+02 +1,5197e+00 +2,1714e+00 +4,4361e+00 -3,1141e+00 -9,6780e-01 -1,3963e+00 -1,6756e+00 +4,6864e+00 -2,4582e+00 +4,1149e+00
2 0 +1,347381706e+02 +1,347381706e+02 +1,701581706e+02 +1,701581706e+02 +3,5161e+00 -3,7784e+00 +1,9465e+00 -4,5988e-02 -3,7178e+00 -3,9133e+00 -2,8298e+00 -2,9251e+00 +2,9147e+00 -3,9598e+00
5 0 +1,272983402e+02 +1,272983402e+02 +1,627183402e+02 +1,627183402e+02 +7,2571e-01 +2,8942e-02 -4,0508e+00 -2,5340e+00 -3,7036e+00 +4,3233e+00 +4,3138e-02 -2,6595e-01 -4,1245e+00 -1,7422e+00
7 0 +8,400294368e+01 +8,400294368e+01 +1,194229437e+02 +1,194229437e+02 +1,1570e+00 -1,1009e+00 -2,4904e+00 +3,4550e-01 +4,1374e+00 +3,2423e+00 +1,3793e-01 -1,2176e-01 +1,4891e+00 +3,9445e+00
16 0 +6,606844605e+01 +6,606844605e+01 +1,014884460e+02 +1,014884460e+02 +1,7523e-01 +1,0985e+00 +1,5852e+00 -2,4358e-01 +1,2958e+00 -3,6517e-01 -4,4994e+00 -4,6490e+00 +1,3935e+00 +2,3199e+00
