% f evaluations | g evaluations | best noise-free fitness - Fopt | noise-free fitness - Fopt (-1,025500000000e+02) | measured fitness | best measured fitness | x1 | x2...
1 0 +6,343443542e+01 +6,343443542e+01 -3,911556458e+01 -3,911556458e+01 -2,0475e+00 +4,2816e+00 -2,6684e+00 -4,3119e+00 -3,6316e+00 -2,0176e+00 -4,4743e+00 +3,2518e+00 -4,0018e+00 -1,1727e+00 +4,9255e+00 +8,9440e-01 +8,3739e-01 +4,8915e-01 -3,8071e-01 -2,5938e+00 +1,8781e+00 -6,6504e-01 -3,6859e+00 -2,3840e+00
3 0 +2,295875933e+01 +2,295875933e+01 -7,959124067e+01 -7,959124067e+01 +1,8784e+00 -1,2654e+00 +2,6907e+00 +3,3410e+00 -2,6710e+00 -1,5605e-01 -3,4243e+00 -6,4044e-01 +1,1847e+00 -4,4107e+00 +3,2391e-02 +3,0954e-01 -3,0981e+00 +2,0543e+00 -8,9957e-03 +4,3076e+00 +2,3363e-01 -4,5266e+00 +1,5739e+00 +2,1084e+00
15 0 +1,414204506e+01 +1,414204506e+01 -8,840795494e+01 -8,840795494e+01 +4,7881e-01 -2,4049e+00 +1,5930e+00 -5,6293e-01 -1,4278e-01 +1,3389e+00 +4,0597e-01 +1,7954e+00 +2,2057e+00 +4,2021e-01 +1,5092e+00 +5,2766e-01 +2,2162e+00 +1,8193e+00 -1,8258e+00 +3,3817e+00 +5,6040e-01 +2,0354e+00 +6,2802e-01 -2,4665e+00
% f evaluations | g evaluations | best noise-free fitness - Fopt | noise-free fitness - Fopt (7,169000000000e+01) | measured fitness | best measured fitness | x1 | x2...
1 0 +3,956894576e+01 +3,956894576e+01 +1,112589458e+02 +1,112589458e+02 +4,6310e+00 +3,2619e+00 +2,1128e+00 +1,7090e+00 -3,1579e+00 -1,8866e+00 +3,9705e+00 +4,4591e+00 +1,3574e+00 -2,3923e+00 -1,3718e+00 -3,6471e+00 -3,3663e+00 +3,0764e-01 +1,8107e+00 +1,2251e+00 +4,6468e+00 -4,1636e+00 +2,5710e+00 +4,5832e+00
8 0 +3,072117276e+01 +3,072117276e+01 +1,024111728e+02 +1,024111728e+02 +2,1944e+00 -4,1242e+00 +3,6642e+00 +2,9109e+00 -2,1720e+00 -3,0229e+00 +3,8285e+00 -4,7125e-01 +4,8778e+00 -1,0985e+00 +1,8185e-01 -2,3711e+00 -1,6277e+00 +2,5107e+00 +1,4408e-01 -3,7302e+00 -1,4986e+00 +4,7275e-01 +1,0264e+00 +1,5487e-01
11 0 +2,152577814e+01 +2,152577814e+01 +9,321577814e+01 +9,321577814e+01 +2,3558e+00 +3,0826e-01 +4,5006e-01 -4,4761e+00 +4,0433e+00 +1,3853e-01 -2,4913e+00 +1,5051e+00 -3,5991e-02 +4,1583e+00 -5,7315e-01 -1,6852e+00 +1,6587e+00 -2,0820e+00 +2,3277e-01 +6,5206e-01 -4,5590e-01 +2,5774e+00 -1,3499e+00 -3,0277e+00
13 0 +2,128968241e+01 +2,128968241e+01 +9,297968241e+01 +9,297968241e+01 +1,8046e+00 -2,4836e+00 +2,0240e+00 +5,3567e-02 -3,5565e+00 +3,6881e+00 -7,0256e-01 +3,0960e+00 +6,7243e-01 +4,7437e-01 -4,4066e+00 -2,7650e+00 -2,4302e+00 -2,2620e+00 +3,0821e+00 -1,7496e+00 -4,1400e+00 -4,2629e+00 -2,4204e+00 +2,6919e+00
% f evaluations | g evaluations | best noise-free fitness - Fopt | noise-free fitness - Fopt (2,140100000000e+02) | measured fitness | best measured fitness | x1 | x2...
1 0 +7,505296221e+01 +7,505296221e+01 +2,890629622e+02 +2,890629622e+02 -1,2919e+00 +4,7860e+00 -1,7450e+00 -3,2396e+00 -4,4916e+00 -4,7860e+00 +4,7714e-01 -4,9174e+00 +3,7335e+00 -3,1407e+00 +2,7287e+00 -1,9111e+00 +4,9763e+00 +2,5154e+00 -4,9020e+00 +2,0965e+00 +4,0388e+00 +4,7615e+00 -2,2920e-01 -1,9044e-01
2 0 +4,077499208e+01 +4,077499208e+01 +2,547849921e+02 +2,547849921e+02 -3,5573e+00 -4,7920e+00 -1,6025e+00 -1,7056e+00 +2,7625e+00 -2,9232e+00 -1,3185e+00 +1,5578e+00 -2,2457e+00 -1,5913e+00 +2,2094e+00 +2,5424e+00 -1,1349e+00 +2,3798e+00 -4,5636e+00 +3,0779e+00 +4,3786e+00 +1,9579e+00 -3,0550e-01 +6,0620e-01
17 0 +2,915861037e+01 +2,915861037e+01 +2,431686104e+02 +2,431686104e+02 -4,8410e+00 +2,5870e+00 +8,9163e-01 -9,8501e-01 -5,1852e-01 +4,0371e+00 -2,5142e+00 -1,3829e+00 +1,9752e+00 -2,6600e+00 +3,2816e+00 +3,5343e+00 -1,0343e+00 -3,4354e+00 +3,7129e+00 -1,8515e-01 -6,7426e-01 +7,3172e-01 +3,4506e+00 -3,7031e+00
23 0 +2,187575656e+01 +2,187575656e+01 +2,358857566e+02 +2,358857566e+02 +3,1781e+00 +1,6526e-01 +2,1442e+00 +1,3660e+00 +2,0515e+00 +2,9011e+00 -8,5705e-01 -1,6917e+00 +2,0970e+00 +9,6814e-01 -4,9732e-01 -2,7977e+00 +8,2389e-01 +1,7077e+00 -3,5902e+00 +2,7715e+00 -6,1212e-01 -2,6119e+00 -2,1948e+00 -1,3364e+00
% f evaluations | g evaluations | best noise-free fitness - Fopt | noise-free fitness - Fopt (-5,848000000000e+01) | measured fitness | best measured fitness | x1 | x2...
1 0 +7,402500398e+01 +7,402500398e+01 +1,554500398e+01 +1,554500398e+01 -1,3612e+00 -3,8944e+00 +3,3919e+00 +4,2480e+00 -4,3454e+00 +4,1864e+00 +1,1964e+00 -3,0999e+00 -1,4269e+00 -3,2826e+00 -6,0913e-01 +2,7732e+00 +7,0602e-01 +2,8218e+00 -2,6731e+00 -1,2460e+00 +2,2124e+00 +2,5255e+00 -3,4361e+00 -3,5579e+00
3 0 +6,553437634e+01 +6,553437634e+01 +7,054376345e+00 +7,054376345e+00 -4,5162e+00 +3,3005e+00 -3,5643e+00 +5,7895e-01 -2,8409e+00 -4,4153e+00 +3,1770e+00 +1,0992e+00 +4,7269e+00 -4,2139e+00 +2,8957e+00 +2,8713e+00 +3,7198e+00 +8,0144e-01 -1,1871e+00 +2,0052e-01 +4,7918e+00 +1,8376e+00 +2,3730e+00 -2,4267e+00
4 0 +3,415093349e+01 +3,415093349e+01 -2,432906651e+01 -2,432906651e+01 -4,3873e-01 +4,8212e-01 +1,7281e-01 +1,2174e+00 -1,8566e+00 -3,1134e+00 +2,0592e+00 +2,4496e+00 +1,2859e+00 -3,7978e+00 +1,4179e+00 +3,0388e+00 -2,4106e-01 -3,2787e+00 +1,6973e+00 +4,6529e+00 +2,4482e+00 +2,0555e+00 +2,8842e-01 +2,8732e+00
5 0 +3,210846561e+01 +3,210846561e+01 -2,637153439e+01 -2,637153439e+01 +2,4614e+00 +1,2015e-01 +2,0251e+00 +1,2246e+00 -2,5165e+00 +3,6979e+00 -2,2385e-01 +2,2066e+00 -3,3992e+00 +9,1700e-01 -1,1350e+00 +4,0442e-01 +8,6361e-01 -8,9174e-01 -4,6151e+00 -2,5820e+00 -1,0318e+00 +2,1936e+00 -4,1295e+00 -4,3175e-01
9 0 +2,103409072e+01 +2,103409072e+01 -3,744590928e+01 -3,744590928e+01 +5,5714e-01 -4,4643e-01 -1,7365e+00 -2,2447e+00 +2,3945e+00 -8,3717e-01 +3,2203e+00 -2,2066e+00 -9,6814e-01 +4,0387e+00 +1,9682e+00 +3,0970e+00 +2,7861e+00 +2,0654e+00 -9,0915e-01 +2,1433e-01 -2,7080e+00 +1,5821e-01 -6,9012e-02 -4,3763e+00
% f evaluations | g evaluations | best noise-free fitness - Fopt | noise-free fitness - Fopt (-6,130800000000e+02) | measured fitness | best measured fitness | x1 | x2...
1 0 +9,110418356e+01 +9,110418356e+01 -5,219758164e+02 -5,219758164e+02 +3,5803e+00 -4,4446e+00 +2,0439e+00 +8,6593e-01 +4,3130e+00 +1,1782e+00 +1,8382e+00 -3,8244e+00 -3,5683e+00 +2,3576e+00 +4,4551e+00 +4,5178e+00 -2,9344e-01 -4,3449e+00 +1,8325e+00 -1,6644e+00 -8,7728e-01 +4,0731e+00 +2,8479e+00 +1,2530e+00
2 0 +5,183587027e+01 +5,183587027e+01 -5,612441297e+02 -5,612441297e+02 -3,2195e+00 +3,4925e+00 +4,1926e-01 -4,3611e+00 -1,3111e+00 +2,4323e+00 -1,2113e+00 -1,7262e+00 -3,5424e+00 -4,2979e+00 -2,4589e+00 +4,7169e+00 -4,4973e+00 -3,2891e+00 +3,8026e+00 +1,6922e+00 +2,0550e+00 -1,0540e+00 +3,0169e+00 +2,0932e+00
4 0 +4,780724935e+01 +4,780724935e+01 -5,652727507e+02 -5,652727507e+02 -3,1533e+00 +7,5212e-01 -2,8393e+00 -9,9270e-01 +3,5515e+00 +6,8928e-01 +4,9411e-01 -1,4898e+00 +4,5948e+00 -3,6736e+00 -1,6677e-01 +4,2916e+00 -3,6233e+00 +9,8212e-01 -1,4299e+00 -3,5607e+00 -1,1378e+00 +1,1040e+00 +1,9114e+00 +3,1959e+00
5 0 +3,644835664e+01 +3,644835664e+01 -5,766316434e+02 -5,766316434e+02 +4,7786e+00 +1,6794e+00 -3,8973e+00 -1,4890e+00 -3,6064e+00 +4,3894e+00 -1,7285e+00 -1,7328e+00 -4,3894e+00 -4,0169e+00 +3,3923e+00 -4,3521e+00 +6,6619e-01 +1,9765e+00 +7,0568e-01 +3,2784e+00 -6,7273e-01 -3,1032e-02 +1,8183e+00 +3,4863e+00
7 0 +1,934941114e+01 +1,934941114e+01 -5,937305889e+02 -5,937305889e+02 +7,3634e-01 +2,6386e+00 +1,4096e+00 +4,6000e+00 +5,4443e-01 +8,6091e-01 +1,9654e+00 -1,7268e+00 +3,0097e+00 +8,4235e-01 +1,7117e+00 -5,6570e-01 +9,4212e-02 -5,6330e-01 -1,5738e+00 +3,0031e+00 +1,6104e-01 +8,8903e-01 +1,6305e+00 -1,8921e+00
% f evaluations | g evaluations | best noise-free fitness - Fopt | noise-free fitness - Fopt (6,189000000000e+01) | measured fitness | best measured fitness | x1 | x2...
1 0 +6,594530587e+01 +6,594530587e+01 +1,278353059e+02 +1,278353059e+02 -3,7469e+00 -2,0070e+00 +1,7608e+00 -3,4325e+00 +4,1852e+00 +5,8465e-01 -2,1238e+00 +1,9228e-01 +3,9601e+00 +2,5611e+00 +1,7056e+00 -2,0281e+00 -1,0471e+00 +4,2892e+00 -4,2314e+00 -3,9581e+00 +1,6329e+00 +4,5679e+00 +2,1601e+00 +8,6091e-01
2 0 +4,036698495e+01 +4,036698495e+01 +1,022569850e+02 +1,022569850e+02 +1,0072e+00 +2,3723e+00 -1,0389e+00 -1,8782e+00 -1,3179e+00 +4,0980e+00 -2,9988e+00 -1,2972e+00 -4,3883e-01 -1,4790e+00 -4,2103e+00 +1,4881e-01 -2,6888e+00 -1,6261e+00 +4,8262e+00 +3,3890e+00 -2,0989e+00 -4,3050e+00 -2,0451e+00 +2,1849e+00
15 0 +2,769932068e+01 +2,769932068e+01 +8,958932068e+01 +8,958932068e+01 -3,3310e+00 +1,5736e+00 +8,6079e-01 -1,0529e+00 +4,6697e+00 -1,2206e+00 -2,1159e+00 +2,2043e+00 +1,9013e+00 +3,9670e-01 +4,2352e+00 -9,0954e-01 +3,9249e+00 +1,2802e-01 -2,5054e+00 -1,1299e+00 +6,4927e-01 -3,5463e+00 +1,8776e+00 +3,1863e-01
% f evaluations | g evaluations | best noise-free fitness - Fopt | noise-free fitness - Fopt (-8,456000000000e+01) | measured fitness | best measured fitness | x1 | x2...
1 0 +5,912124162e+01 +5,912124162e+01 -2,543875838e+01 -2,543875838e+01 -1,6976e+00 +2,7382e+00 +1,7645e+00 -2,9642e+00 -1,9342e+00 +4,5505e+00 -2,7467e+00 -3,7145e+00 -2,6096e+00 +7,7874e-01 -3,6190e-01 +3,9173e+00 -9,3940e-01 +3,4707e+00 +9,3858e-01 -2,7057e+00 -4,8743e+00 +3,5824e+00 -3,4299e+00 +4,5088e-01
3 0 +5,580329648e+01 +5,580329648e+01 -2,875670352e+01 -2,875670352e+01 +1,8031e+00 +5,3634e-01 +1,7882e+00 -2,7230e+00 -3,4129e+00 +2,8391e+00 +3,9729e+00 -8,4092e-01 -1,2503e+00 +1,3647e+00 +1,3620e+00 -3,5552e+00 +1,1158e+00 -4,2979e+00 +1,5763e+00 -9,1054e-01 +3,6254e+00 -3,1279e+00 +4,3169e+00 +1,8457e+00
4 0 +4,246954204e+01 +4,246954204e+01 -4,209045796e+01 -4,209045796e+01 +4,6120e+00 +1,2037e+00 +2,1383e+00 -1,7616e+00 +2,9105e+00 -4,1639e-01 -1,6375e+00 -2,6406e+00 -3,2484e+00 -1,8617e+00 +4,9572e+00 +2,3823e+00 +2,6441e+00 +1,2254e+00 +3,7155e+00 -9,6224e-01 +3,7373e+00 +3,9862e+00 -1,3436e+00 -1,7955e+00
9 0 +3,998843685e+01 +3,998843685e+01 -4,457156315e+01 -4,457156315e+01 -3,5173e-01 +1,6876e+00 +1,2951e-01 -2,0828e+00 +8,4308e-01 -4,8918e+00 -4,9432e+00 +3,0968e+00 -1,9506e+00 +4,1056e+00 -1,5136e+00 -3,6820e+00 +1,1116e+00 -4,6988e+00 +2,4933e-01 -8,7886e-01 -8,0274e-01 +3,7575e+00 +1,6473e+00 +4,5703e+00
20 0 +2,881148651e+01 +2,881148651e+01 -5,574851349e+01 -5,574851349e+01 +1,4081e-03 -3,8090e+00 +2,5712e+00 +2,7100e-01 -2,5755e+00 -2,9012e+00 -3,5683e+00 +3,0015e+00 -2,6301e+00 -3,1600e+00 +5,7269e-01 -1,9182e-01 -2,0219e+00 -2,6366e+00 +3,7364e+00 -2,8065e-03 +1,8192e+00 -2,1163e+00 +5,4553e-01 -3,7922e+00
% f evaluations | g evaluations | best noise-free fitness - Fopt | noise-free fitness - Fopt (-2,602000000000e+01) | measured fitness | best measured fitness | x1 | x2...
1 0 +7,305748214e+01 +7,305748214e+01 +4,703748214e+01 +4,703748214e+01 -1,8404e+00 +4,0122e+00 +4,0911e+00 -1,3454e+00 -4,2339e+00 +4,9719e+00 -4,4137e+00 +3,3764e+00 -1,4773e+00 -1,3047e+00 +7,2737e-01 -2,6360e+00 -6,6593e-01 +4,5457e+00 -2,8750e+00 +2,3934e+00 -2,3855e+00 +1,7864e+00 +4,0724e+00 +4,9956e+00
2 0 +5,946718463e+01 +5,946718463e+01 +3,344718463e+01 +3,344718463e+01 -4,8104e-01 +3,5371e-01 +1,4622e+00 -3,8336e+00 +3,6132e+00 -4,1336e+00 -1,2321e+00 +3,6771e-01 +3,3380e-02 +4,3656e+00 -2,5627e+00 -1,9089e+00 +2,9745e-01 +3,9707e+00 +2,4389e+00 +2,4714e+00 +3,1042e+00 +3,8865e+00 -4,8410e+00 +3,2252e+00
3 0 +5,852188858e+01 +5,852188858e+01 +3,250188858e+01 +3,250188858e+01 -1,3074e+00 -3,9887e+00 +3,6172e-01 +5,3151e-01 +6,3189e-01 +7,7604e-01 +4,5074e+00 -2,6180e+00 -7,2387e-01 -3,2216e+00 +1,3652e+00 +1,3990e+00 -4,4619e+00 +3,2826e+00 +3,5615e+00 -3,8482e+00 -2,8740e+00 -4,2814e+00 -4,5261e+00 -2,4037e+00
7 0 +4,000514084e+01 +4,000514084e+01 +1,398514084e+01 +1,398514084e+01 +9,5430e-01 +1,9567e-01 -8,9326e-01 -2,5952e+00 -6,2842e-02 -2,2563e-01 -2,0563e+00 -1,2187e+00 +1,8293e-01 -4,8369e+00 -3,7428e+00 +1,2792e+00 -3,4969e-02 +1,3982e+00 -2,1937e+00 -2,2264e-01 -1,5193e-01 +2,9730e+00 -1,8823e+00 +3,8265e+00
10 0 +3,033930733e+01 +3,033930733e+01 +4,319307331e+00 +4,319307331e+00 -4,5905e-01 +3,9305e+00 +3,8596e+00 -4,5855e+00 +3,6561e+00 +1,2070e+00 +2,1263e+00 +2,6158e+00 +4,3422e+00 -4,1702e+00 +2,4953e+00 -1,7228e+00 +7,3635e-01 +4,7152e+00 -3,1718e+00 -2,7117e+00 -2,0330e+00 +1,6699e+00 -1,0703e+00 +1,1097e+00
18 0 +2,539417141e+01 +2,539417141e+01 -6,258285871e-01 -6,258285871e-01 -3,0363e+00 +1,6057e+00 -3,2433e-01 -8,2590e-01 -2,3629e+00 +8,2348e-01 +8,6863e-01 +4,4868e+00 -1,7188e+00 -2,4320e+00 -4,1901e+00 +9,3309e-02 +1,5448e+00 +1,6900e+00 -2,6553e-01 +2,3651e+00 +2,5625e+00 +2,8384e+00 +3,9374e+00 +1,6980e+00
% f evaluations | g evaluations | best noise-free fitness - Fopt | noise-free fitness - Fopt (-3,015000000000e+01) | measured fitness | best measured fitness | x1 | x2...
1 0 +8,534523418e+01 +8,534523418e+01 +5,519523418e+01 +5,519523418e+01 +1,4035e+00 +3,8774e+00 -2,7659e+00 -4,0211e+00 +3,5381e+00 -2,0015e+00 +3,8717e+00 -3,9952e+00 +3,2110e+00 +2,2944e+00 +3,1949e+00 -1,8536e+00 -4,6841e+00 +3,0870e+00 -2,0800e+00 +3,6769e+00 -3,6449e+00 +1,3745e-01 -1,5211e+00 +2,9761e+00
2 0 +6,413883000e+01 +6,413883000e+01 +3,398883000e+01 +3,398883000e+01 +1,9137e+00 +1,1421e+00 -4,8662e+00 +4,6924e+00 +2,6717e+00 -2,9793e+00 -3,0214e-01 -2,4899e+00 +3,0187e+00 -4,8687e+00 +2,4786e+00 -3,3191e+00 -2,0502e+00 +1,7364e+00 +4,9482e+00 -3,7987e+00 +4,5949e+00 +7,9833e-01 -2,3951e+00 +2,7988e+00
3 0 +4,170557292e+01 +4,170557292e+01 +1,155557292e+01 +1,155557292e+01 +4,4680e+00 +3,4935e+00 -4,4965e+00 -2,6431e-01 +1,3244e+00 +1,7147e+00 +1,0155e+00 -3,1501e+00 -2,6268e+00 -7,3161e-01 +4,5208e+00 -1,7816e+00 -2,4822e+00 -3,5226e+00 -1,0617e+00 +3,6741e-01 -2,7183e+00 -2,5383e+00 +3,2700e+00 +2,0440e+00
8 0 +3,225793000e+01 +3,225793000e+01 +2,107929997e+00 +2,107929997e+00 -1,0967e+00 +1,5329e+00 +4,1633e-01 -1,9650e+00 -1,2193e+00 -4,0914e+00 +4,0457e+00 +5,7045e-01 -1,0943e+00 +1,3271e+00 +3,4870e+00 +2,7073e+00 -1,7845e+00 +3,9402e+00 -2,0978e+00 -3,5628e+00 -1,5074e-02 -3,8724e-01 +2,9330e+00 +2,5063e+00
23 0 +3,048869479e+01 +3,048869479e+01 +3,386947912e-01 +3,386947912e-01 -3,0146e+00 -4,6717e+00 -1,3509e-01 -2,6871e+00 +1,1104e+00 +1,8759e+00 -4,3187e+00 -2,6853e+00 -1,7426e-01 +2,4061e+00 -1,1456e+00 -1,8541e+00 -2,3848e+00 -3,1824e+00 -3,0825e+00 +5,9024e-01 -1,4449e-01 +3,4065e+00 +6,1380e-01 -1,7355e+00
39 0 +2,808859795e+01 +2,808859795e+01 -2,061402051e+00 -2,061402051e+00 -3,3203e+00 -1,0444e+00 -7,2800e-01 +1,2737e+00 -1,9232e+00 +1,0114e+00 -2,6434e+00 -4,3492e+00 +4,4011e+00 -9,0094e-01 -2,3620e+00 -1,0698e-01 -2,5462e+00 +2,9629e+00 +2,4867e+00 -8,6420e-01 +1,7497e+00 +2,0528e+00 +3,7798e+00 +2,2480e+00
% f evaluations | g evaluations | best noise-free fitness - Fopt | noise-free fitness - Fopt (-1,000000000000e+03) | measured fitness | best measured fitness | x1 | x2...
1 0 +3,963773869e+01 +3,963773869e+01 -9,603622613e+02 -9,603622613e+02 +3,6214e+00 -2,3232e+00 +2,2865e+00 +1,7057e+00 -4,0019e+00 +1,0355e+00 -1,3103e+00 +8,6249e-01 +2,3499e+00 +4,2254e-01 -4,7238e+00 +4,0186e+00 -1,1645e+00 -9,7903e-01 -9,4520e-01 -4,8221e+00 -3,0435e+00 +1,5699e+00 +1,8117e+00 +2,6019e+00
4 0 +3,797656288e+01 +3,797656288e+01 -9,620234371e+02 -9,620234371e+02 -1,9173e+00 +4,0588e-01 -1,9253e+00 +4,4790e+00 +8,0907e-02 +3,3708e+00 +8,3869e-01 -4,0851e+00 +2,2738e+00 +2,1191e+00 +4,7831e+00 +3,2519e+00 -2,1569e+00 -1,5546e+00 -3,5396e+00 +1,9662e+00 -1,6127e+00 +1,9685e+00 +1,1539e+00 +2,4154e+00
6 0 +2,768581451e+01 +2,768581451e+01 -9,723141855e+02 -9,723141855e+02 +1,9335e+00 -1,1181e+00 +2,8093e+00 +2,2067e-01 -2,4084e+00 +2,6817e+00 -3,8090e-01 +2,5725e+00 +4,4464e+00 +1,2420e+00 +2,3172e+00 +5,6533e-01 -2,2591e+00 +4,5183e+00 +5,9642e-01 +2,5719e-01 -4,0788e+00 -2,6352e-01 +6,6939e-01 +4,4601e+00
% f evaluations | g evaluations | best noise-free fitness - Fopt | noise-free fitness - Fopt (-9,243000000000e+02) | measured fitness | best measured fitness | x1 | x2...
1 0 +9,625723296e+01 +9,625723296e+01 -8,280427670e+02 -8,280427670e+02 -4,2290e+00 +1,9734e+00 +1,5837e+00 -8,5547e-01 +5,5094e-01 +2,2450e+00 +4,9103e+00 -4,1735e+00 -4,6390e+00 -4,1463e+00 +1,9890e+00 -3,7499e+00 +5,5776e-01 -7,4575e-01 -7,6943e-01 +4,7834e+00 +4,9925e+00 -4,8158e+00 -8,0485e-01 +5,3254e-01
3 0 +7,940940542e+01 +7,940940542e+01 -8,448905946e+02 -8,448905946e+02 -3,2580e+00 -2,8294e+00 -4,4717e+00 +2,1175e+00 +2,9775e+00 -2,5893e+00 -4,8795e-01 -4,3836e+00 -4,0475e-01 +2,0413e+00 +1,5278e+00 -2,3517e+00 +4,3177e+00 -3,8144e+00 -2,8690e+00 -1,2191e+00 -1,3073e+00 +8,4851e-01 +3,7333e+00 -3,6708e+00
4 0 +6,027350663e+01 +6,027350663e+01 -8,640264934e+02 -8,640264934e+02 -1,2824e+00 +6,5280e-01 -4,5292e+00 +3,5412e+00 -4,4410e+00 -4,9576e+00 +2,6318e-01 -3,2678e+00 -3,6100e+00 -4,4223e+00 +9,4785e-01 +8,2615e-01 +2,6069e+00 -3,2395e+00 +2,8889e+00 +3,1120e+00 -1,0175e+00 +4,2033e+00 -4,9555e+00 +9,2814e-01
5 0 +3,456050236e+01 +3,456050236e+01 -8,897394976e+02 -8,897394976e+02 +2,6765e+00 +1,8980e+00 +1,1466e-01 +1,4608e+00 -4,5531e+00 -1,5977e-01 +2,1009e+00 +8,7492e-01 -4,1076e+00 +4,3292e+00 -3,6276e+00 -4,4097e+00 +1,1046e+00 -4,1070e+00 -1,8338e+00 +6,7707e-01 -1,2790e+00 +3,9741e+00 +3,4185e-01 -9,3834e-01
10 0 +2,536075666e+01 +2,536075666e+01 -8,989392433e+02 -8,989392433e+02 -4,8103e+00 +1,1505e+00 -1,3074e+00 -1,1797e+00 -2,4061e+00 +8,6728e-01 -1,6141e+00 +4,8108e+00 +1,0929e+00 +1,2702e+00 +2,2430e+00 -2,6315e-01 +2,7206e+00 -1,4084e+00 +3,3799e+00 -3,2933e+00 -2,7889e+00 +2,8493e+00 -1,7344e+00 -1,5813e+00
26 0 +2,117695441e+01 +2,117695441e+01 -9,031230456e+02 -9,031230456e+02 +1,3049e-01 -3,5499e-01 -2,9394e+00 -1,8558e+00 +2,2465e+00 +2,3141e-01 +2,6447e+00 +3,7584e+00 +4,2140e+00 -4,6704e-01 +2,6024e+00 -1,4149e+00 +4,0154e+00 -8,3612e-01 -1,0679e+00 +1,4962e+00 -1,4832e+00 +5,2201e-01 +1,5696e+00 -2,7551e+00
% f evaluations | g evaluations | best noise-free fitness - Fopt | noise-free fitness - Fopt (-1,035000000000e+01) | measured fitness | best measured fitness | x1 | x2...
1 0 +7,333622586e+01 +7,333622586e+01 +6,298622586e+01 +6,298622586e+01 +2,0413e+00 +4,9893e+00 -1,5418e-01 -2,8115e+00 +4,3133e+00 +2,5489e+00 +8,9784e-01 +1,4922e+00 -3,8212e+00 -1,1460e+00 +4,4000e+00 -2,2782e+00 -4,9678e+00 +2,8011e+00 +3,4479e+00 -1,1080e+00 +1,1335e-01 +2,9366e+00 -3,7509e+00 +3,0976e+00
2 0 +6,357566025e+01 +6,357566025e+01 +5,322566025e+01 +5,322566025e+01 -4,8896e+00 -3,9955e-02 -4,3987e+00 -2,7559e+00 -2,6548e+00 -1,5663e+00 -4,6423e+00 +2,0710e+00 -4,3479e+00 -2,4276e-01 -3,7089e+00 +4,3013e+00 -1,8228e+00 +1,5259e-01 -3,8392e+00 -2,0306e+00 -5,0559e-01 +6,5905e-01 -4,7606e+00 -2,3868e-01
4 0 +5,239030775e+01 +5,239030775e+01 +4,204030775e+01 +4,204030775e+01 +2,7753e+00 +4,5876e+00 -1,0816e+00 -2,9960e-01 -1,8305e+00 -3,8136e+00 +4,8713e+00 -4,6363e+00 +1,6278e+00 -2,0989e+00 +4,6237e+00 +1,6857e+00 -7,5775e-02 -2,7749e+00 +1,4084e+00 +4,5387e+00 +4,9888e+00 -9,4687e-02 +2,0649e+00 -1,4739e+00
6 0 +4,365756329e+01 +4,365756329e+01 +3,330756329e+01 +3,330756329e+01 -3,5832e+00 +1,2426e+00 +2,1574e+00 -9,9849e-01 +1,2833e+00 -3,4201e+00 +7,3914e-01 +1,4012e+00 -2,4705e+00 -8,1207e-01 -1,3758e+00 -2,9316e+00 +4,1278e+00 -6,9465e-01 -9,0119e-01 -4,1841e+00 +9,8892e-01 +2,7339e-01 -3,7945e+00 +4,2107e+00
15 0 +4,171398362e+01 +4,171398362e+01 +3,136398362e+01 +3,136398362e+01 +4,0913e+00 +2,6935e+00 +3,2004e-01 -3,5147e+00 -8,7958e-01 +4,3729e-01 -3,6093e+00 +3,4175e+00 -2,2140e+00 -3,3299e+00 +1,4284e+00 -1,9776e+00 +4,0487e+00 -3,2510e+00 +1,0285e+00 +8,0212e-01 -2,3465e-01 -2,8378e+00 -1,2663e-01 -3,4304e+00
20 0 +3,329822485e+01 +3,329822485e+01 +2,294822485e+01 +2,294822485e+01 -2,4413e+00 -3,3268e+00 +2,6529e+00 +2,2520e+00 -2,0945e+00 +1,3870e+00 -3,2441e+00 -1,3015e+00 +2,8112e-01 -1,9826e+00 -3,6619e+00 -1,8107e+00 -3,3091e+00 +3,3275e+00 +3,5775e+00 -1,1938e+00 -1,3080e+00 -1,7549e+00 -1,3195e+00 +1,7942e+00
% f evaluations | g evaluations | best noise-free fitness - Fopt | noise-free fitness - Fopt (-1,000000000000e+03) | measured fitness | best measured fitness | x1 | x2...
1 0 +4,287358131e+01 +4,287358131e+01 -9,571264187e+02 -9,571264187e+02 +2,1376e-01 -4,5408e-01 -2,1796e+00 -2,2152e+00 +3,5379e+00 +1,2990e-01 -3,7839e+00 -4,7934e+00 +1,7372e+00 +3,2458e+00 +1,3931e+00 +3,5215e+00 -1,7583e+00 -1,5900e+00 -1,1628e+00 -4,2771e-01 +2,6563e+00 -1,1714e+00 -1,0189e+00 +1,7722e-02
2 0 +3,151117988e+01 +3,151117988e+01 -9,684888201e+02 -9,684888201e+02 +2,8737e+00 -4,4861e+00 -1,6051e+00 -1,3454e+00 -6,3425e-01 -3,3601e-01 +7,2534e-03 +8,4773e-01 -2,1565e-01 -2,9979e+00 -2,9655e+00 -1,2111e+00 +3,6102e+00 +1,9634e+00 +1,8692e-01 +2,7959e-02 -2,7351e+00 -4,6315e+00 -3,3239e+00 -2,9972e+00
14 0 +3,013974036e+01 +3,013974036e+01 -9,698602596e+02 -9,698602596e+02 -1,2592e+00 +1,8992e+00 +2,8939e-01 -2,9938e+00 -9,1685e-01 -4,2937e+00 +8,7954e-01 -3,4833e+00 +3,9292e+00 -3,5268e+00 +1,8780e+00 +2,0656e-01 -3,2773e+00 -3,5957e+00 +3,2844e+00 -6,2204e-01 -4,4416e-01 -2,5161e+00 +1,0587e+00 +6,0878e-01
% f evaluations | g evaluations | best noise-free fitness - Fopt | noise-free fitness - Fopt (2,880000000000e+01) | measured fitness | best measured fitness | x1 | x2...
1 0 +1,298418099e+02 +1,298418099e+02 +1,586418099e+02 +1,586418099e+02 +4,5243e+00 -1,4973e+00 -1,5750e+00 -4,0948e+00 -4,4628e+00 -2,5659e+00 +1,8336e+00 -2,3984e+00 +2,9560e+00 +4,9722e+00 +3,9365e+00 +4,0393e+00 -2,3491e+00 +4,6910e+00 +2,9885e+00 +4,2214e+00 +2,7577e+00 +5,9627e-01 -3,8210e+00 +6,2528e-01
2 0 +5,359453602e+01 +5,359453602e+01 +8,239453602e+01 +8,239453602e+01 -4,1341e+00 +2,3298e+00 -2,8353e+00 -3,8462e+00 +2,1092e+00 -4,1846e+00 -2,2001e+00 +2,1306e+00 +2,3035e+00 +4,6862e+00 +1,0101e+00 -1,0455e+00 +4,3873e+00 +4,5206e+00 -8,5847e-01 +2,2438e+00 -4,0448e-01 +1,6717e-01 +3,5772e+00 -4,9098e+00
3 0 +4,188688369e+01 +4,188688369e+01 +7,068688369e+01 +7,068688369e+01 -2,9675e+00 -3,7481e+00 -3,0718e+00 +1,3826e+00 +1,6082e+00 +2,3403e+00 -1,3129e+00 -3,9274e+00 +6,6475e-01 -2,8360e+00 -1,1267e+00 -4,2773e+00 +4,0433e+00 +8,2536e-01 +1,9073e+00 -3,2888e+00 +8,2739e-01 -4,4071e-02 +4,7155e+00 -9,3404e-01
12 0 +3,186508773e+01 +3,186508773e+01 +6,066508773e+01 +6,066508773e+01 -2,5150e+00 +4,1992e+00 +3,7128e+00 -7,5025e-01 -2,4101e-01 +2,4054e+00 +4,6067e+00 -2,6342e+00 -8,0243e-01 +2,0483e+00 +3,8245e-01 +1,5653e+00 +1,7538e+00 -1,0488e+00 -4,2777e+00 -8,9289e-01 +3,0590e-01 -2,8739e+00 +1,7191e+00 +4,1003e+00
17 0 +2,940008751e+01 +2,940008751e+01 +5,820008751e+01 +5,820008751e+01 +1,8115e+00 -2,2260e-01 -1,1868e+00 +3,9063e+00 -3,4266e+00 +1,0430e+00 +3,4410e+00 +2,7226e+00 +3,1342e+00 -2,7183e+00 +1,4352e+00 -3,4808e+00 -3,8173e+00 -2,9792e+00 -2,2996e+00 +3,5126e-01 -1,0224e+00 +2,4848e-01 -1,7902e+00 -2,1142e+00
20 0 +2,616112447e+01 +2,616112447e+01 +5,496112447e+01 +5,496112447e+01 -1,3812e+00 -3,0020e+00 -1,8422e+00 -1,5636e-01 -3,7936e+00 -3,0471e+00 -3,5649e+00 +2,3466e+00 +2,0147e+00 +2,7243e+00 -2,9950e-01 +3,6026e+00 -1,7090e+00 -1,9684e+00 -1,1988e+00 +2,7298e+00 +2,8073e+00 -1,8044e+00 +7,0659e-01 +1,2252e+00
% f evaluations | g evaluations | best noise-free fitness - Fopt | noise-free fitness - Fopt (3,534000000000e+01) | measured fitness | best measured fitness | x1 | x2...
1 0 +5,058597647e+01 +5,058597647e+01 +8,592597647e+01 +8,592597647e+01 +1,0238e+00 +2,6971e+00 -4,6103e+00 +2,0172e+00 +3,1073e+00 +6,7280e-01 +2,8284e+00 +1,6269e+00 -1,7727e+00 +3,1620e+00 +1,8510e+00 +5,6414e-01 +4,7559e+00 +2,7422e+00 +4,7819e+00 -2,2773e+00 +1,9638e+00 +3,8997e+00 +4,3036e+00 +2,5850e+00
3 0 +4,126602369e+01 +4,126602369e+01 +7,660602369e+01 +7,660602369e+01 -1,6121e-02 +1,7455e+00 +1,9237e+00 +3,6078e+00 -7,2953e-01 -2,7251e+00 -1,4236e-02 -2,9614e+00 -7,6297e-01 +3,6099e+00 -1,9133e+00 -4,6873e+00 +2,4974e+00 -4,0450e+00 -1,3973e+00 +2,7580e-01 -3,9995e+00 +3,7241e+00 -2,3784e+00 -4,1211e+00
10 0 +3,061107469e+01 +3,061107469e+01 +6,595107469e+01 +6,595107469e+01 +3,4893e+00 +7,9719e-01 -2,4015e+00 -6,1028e-02 +1,2041e+00 -1,1241e+00 +6,0819e-01 +1,3971e+00 -1,6339e+00 +3,4572e+00 +2,6124e+00 -3,6816e+00 -4,1250e+00 -3,0566e+00 -2,5676e-01 +5,4736e-01 +3,6662e-01 +2,1065e+00 -3,0039e+00 +4,0660e+00
11 0 +2,756510155e+01 +2,756510155e+01 +6,290510155e+01 +6,290510155e+01 -3,6253e+00 -1,2032e+00 -2,2365e+00 +3,3781e+00 +5,4386e-01 +4,8918e+00 +7,5214e-01 +2,9986e-02 -2,5625e+00 -1,1369e+00 +5,3252e-01 -9,2408e-01 +9,0980e-01 +8,4345e-01 +6,7451e-01 +3,3369e-01 -1,5027e+00 +1,3959e-01 -4,8086e+00 +8,6782e-01
29 0 +2,429653095e+01 +2,429653095e+01 +5,963653095e+01 +5,963653095e+01 +2,5144e+00 -6,1038e-01 +1,1934e-01 +2,4323e+00 -1,6185e+00 -3,9290e+00 -2,8155e+00 -4,2732e+00 -1,2448e+00 -4,4101e+00 +1,0373e+00 +1,5967e+00 -2,3704e+00 -4,7759e+00 -1,5238e+00 +1,9827e-01 +3,2086e+00 +1,5267e+00 +1,2661e-01 +4,7134e-01
