% f evaluations | g evaluations | best noise-free fitness - Fopt | noise-free fitness - Fopt (1,238300000000e+02) | measured fitness | best measured fitness | x1 | x2...
1 0 +2,565921522e+04 +2,565921522e+04 +2,578304522e+04 +2,578304522e+04 -4,4213e+00 +1,3563e+00 +2,3234e+00 -1,0121e+00 -3,6522e-01
10 0 +2,076293525e+04 +2,076293525e+04 +2,088676525e+04 +2,088676525e+04 +3,3551e+00 +6,4096e-02 +1,2233e+00 +1,2229e+00 +3,7361e+00
% f evaluations | g evaluations | best noise-free fitness - Fopt | noise-free fitness - Fopt (4,751000000000e+01) | measured fitness | best measured fitness | x1 | x2...
1 0 +2,280173927e+05 +2,280173927e+05 +2,280649027e+05 +2,280649027e+05 +4,9758e+00 -3,5278e+00 -3,9036e-01 -3,1894e+00 -4,6719e+00
2 0 +1,003132758e+03 +1,003132758e+03 +1,050642758e+03 +1,050642758e+03 -2,4137e+00 -5,7894e-01 +1,4324e+00 +6,7744e-01 -7,1462e-01
% f evaluations | g evaluations | best noise-free fitness - Fopt | noise-free fitness - Fopt (5,534000000000e+01) | measured fitness | best measured fitness | x1 | x2...
1 0 +1,261641278e+03 +1,261641278e+03 +1,316981278e+03 +1,316981278e+03 +1,5471e+00 -2,1293e+00 -2,4802e-01 -1,2591e+00 +1,1920e+00
% f evaluations | g evaluations | best noise-free fitness - Fopt | noise-free fitness - Fopt (-9,033000000000e+01) | measured fitness | best measured fitness | x1 | x2...
1 0 +1,647696879e+05 +1,647696879e+05 +1,646793579e+05 +1,646793579e+05 -3,7149e+00 +4,4190e+00 +4,8534e+00 -3,8673e+00 +2,9073e+00
2 0 +1,030782911e+05 +1,030782911e+05 +1,029879611e+05 +1,029879611e+05 -4,6331e+00 -1,0298e+00 +3,0731e+00 +4,5038e+00 -3,6688e-01
3 0 +6,844180958e+04 +6,844180958e+04 +6,835147958e+04 +6,835147958e+04 +3,1239e+00 -2,2138e-01 -3,3217e+00 -3,2630e-01 -3,8165e+00
4 0 +9,464702133e+03 +9,464702133e+03 +9,374372133e+03 +9,374372133e+03 +1,0719e+00 -2,8267e+00 +1,1228e+00 -2,0145e+00 -2,5015e+00
5 0 +1,127806846e+03 +1,127806846e+03 +1,037476846e+03 +1,037476846e+03 -1,0676e+00 -1,1172e+00 -1,0385e+00 -6,1249e-01 +1,3909e+00
% f evaluations | g evaluations | best noise-free fitness - Fopt | noise-free fitness - Fopt (6,561000000000e+01) | measured fitness | best measured fitness | x1 | x2...
1 0 +2,119403571e+04 +2,119403571e+04 +2,125964571e+04 +2,125964571e+04 -3,0854e+00 +2,1734e-01 -2,0781e+00 -3,3227e+00 -1,2568e+00
3 0 +7,901281891e+03 +7,901281891e+03 +7,966891891e+03 +7,966891891e+03 -4,7818e-01 -4,0284e+00 -1,3442e+00 -2,2586e+00 +2,1719e+00
5 0 +5,652905489e+03 +5,652905489e+03 +5,718515489e+03 +5,718515489e+03 +2,1314e+00 -3,7752e+00 -3,0530e+00 -1,4639e+00 +3,4462e+00
% f evaluations | g evaluations | best noise-free fitness - Fopt | noise-free fitness - Fopt (9,348200000000e+02) | measured fitness | best measured fitness | x1 | x2...
1 0 +6,751354796e+04 +6,751354796e+04 +6,844836796e+04 +6,844836796e+04 -2,5778e+00 -2,4526e+00 +4,6749e+00 -1,8895e+00 -6,3913e-01
3 0 +1,052476125e+04 +1,052476125e+04 +1,145958125e+04 +1,145958125e+04 -1,3563e+00 +2,1538e+00 +2,8949e+00 +3,1176e+00 -1,5505e-01
8 0 +1,017346753e+04 +1,017346753e+04 +1,110828753e+04 +1,110828753e+04 -1,0212e+00 +3,4536e+00 -1,2631e+00 -2,4468e+00 -1,9281e+00
10 0 +5,580672972e+03 +5,580672972e+03 +6,515492972e+03 +6,515492972e+03 -3,6205e+00 +3,4111e+00 -6,1987e-01 +7,4797e-01 +3,3807e+00
% f evaluations | g evaluations | best noise-free fitness - Fopt | noise-free fitness - Fopt (-6,371000000000e+01) | measured fitness | best measured fitness | x1 | x2...
1 0 +1,768881191e+04 +1,768881191e+04 +1,762510191e+04 +1,762510191e+04 -5,3085e-01 -1,3457e+00 -2,8652e+00 -1,8617e+00 +2,5312e+00
10 0 +1,431322610e+04 +1,431322610e+04 +1,424951610e+04 +1,424951610e+04 -2,0912e+00 -1,5744e+00 -3,0993e+00 -1,2278e+00 -4,0823e-01
% f evaluations | g evaluations | best noise-free fitness - Fopt | noise-free fitness - Fopt (1,000000000000e+03) | measured fitness | best measured fitness | x1 | x2...
1 0 +7,620191380e+04 +7,620191380e+04 +7,720191380e+04 +7,720191380e+04 -3,6877e+00 -3,0304e+00 -1,1599e+00 +1,6791e+00 -4,2423e+00
2 0 +1,339200030e+04 +1,339200030e+04 +1,439200030e+04 +1,439200030e+04 -9,5819e-01 -5,3123e-01 -2,8244e+00 +1,2485e+00 -3,3948e+00
7 0 +5,213715893e+03 +5,213715893e+03 +6,213715893e+03 +6,213715893e+03 -2,3155e+00 -3,4526e-01 +2,3919e+00 +6,6495e-01 -1,1806e+00
% f evaluations | g evaluations | best noise-free fitness - Fopt | noise-free fitness - Fopt (3,197000000000e+01) | measured fitness | best measured fitness | x1 | x2...
1 0 +2,816560190e+04 +2,816560190e+04 +2,819757190e+04 +2,819757190e+04 +1,0907e+00 +1,3424e+00 +1,7675e+00 +1,1036e+00 -4,6033e+00
% f evaluations | g evaluations | best noise-free fitness - Fopt | noise-free fitness - Fopt (5,819000000000e+01) | measured fitness | best measured fitness | x1 | x2...
1 0 +6,007696693e+04 +6,007696693e+04 +6,013515693e+04 +6,013515693e+04 -4,4514e-03 +2,4600e-01 +4,6020e+00 -1,0311e+00 +4,6250e+00
3 0 +2,550282859e+03 +2,550282859e+03 +2,608472859e+03 +2,608472859e+03 -1,5115e+00 -2,0647e+00 +5,0128e-01 +3,1591e+00 +1,9973e+00
% f evaluations | g evaluations | best noise-free fitness - Fopt | noise-free fitness - Fopt (-4,840000000000e+00) | measured fitness | best measured fitness | x1 | x2...
1 0 +6,085032318e+04 +6,085032318e+04 +6,084548318e+04 +6,084548318e+04 +2,4519e+00 +1,1248e+00 +2,1110e+00 -2,8111e+00 +4,0906e+00
5 0 +3,824137571e+04 +3,824137571e+04 +3,823653571e+04 +3,823653571e+04 +1,1200e+00 -9,6739e-01 -3,2919e+00 +4,0646e+00 -1,9520e+00
6 0 +3,379526872e+04 +3,379526872e+04 +3,379042872e+04 +3,379042872e+04 +1,7035e+00 -2,2767e+00 -8,9267e-01 -3,7523e+00 -4,7054e-02
10 0 +2,462931155e+04 +2,462931155e+04 +2,462447155e+04 +2,462447155e+04 -1,0513e+00 -3,9738e+00 -4,7783e+00 +1,1166e+00 +1,6858e+00
% f evaluations | g evaluations | best noise-free fitness - Fopt | noise-free fitness - Fopt (-6,337000000000e+01) | measured fitness | best measured fitness | x1 | x2...
1 0 +1,553634408e+05 +1,553634408e+05 +1,553000708e+05 +1,553000708e+05 -4,9555e+00 +3,1462e+00 +4,3997e+00 +1,2959e+00 -2,5836e+00
2 0 +3,805607419e+04 +3,805607419e+04 +3,799270419e+04 +3,799270419e+04 +3,4651e+00 +4,4276e+00 +1,3332e+00 +6,8204e-01 +1,1013e+00
5 0 +9,045505970e+03 +9,045505970e+03 +8,982135970e+03 +8,982135970e+03 +1,9064e+00 -1,2279e+00 -1,9909e+00 +2,6694e-01 -1,5750e-01
6 0 +6,047475764e+03 +6,047475764e+03 +5,984105764e+03 +5,984105764e+03 -3,8506e+00 -3,9325e+00 -1,1360e+00 +8,9126e-01 -1,2476e+00
% f evaluations | g evaluations | best noise-free fitness - Fopt | noise-free fitness - Fopt (2,750000000000e+00) | measured fitness | best measured fitness | x1 | x2...
1 0 +3,956402116e+03 +3,956402116e+03 +3,959152116e+03 +3,959152116e+03 +6,0263e-01 -1,9431e+00 +6,1581e-01 +3,8803e+00 +4,3837e-02
% f evaluations | g evaluations | best noise-free fitness - Fopt | noise-free fitness - Fopt (-4,681000000000e+01) | measured fitness | best measured fitness | x1 | x2...
1 0 +1,025946881e+05 +1,025946881e+05 +1,025478781e+05 +1,025478781e+05 -4,7723e+00 +2,7840e+00 +4,1141e+00 +1,1658e+00 -1,1576e-01
2 0 +2,674967783e+03 +2,674967783e+03 +2,628157783e+03 +2,628157783e+03 +4,6052e-01 +3,6826e+00 +7,4187e-01 +1,9342e+00 -2,4955e-02
% f evaluations | g evaluations | best noise-free fitness - Fopt | noise-free fitness - Fopt (6,134000000000e+01) | measured fitness | best measured fitness | x1 | x2...
1 0 +9,115263691e+03 +9,115263691e+03 +9,176603691e+03 +9,176603691e+03 +2,7461e+00 +1,3471e+00 -3,7596e-01 +4,8264e-01 +4,5870e+00
