% f evaluations | g evaluations | best noise-free fitness - Fopt | noise-free fitness - Fopt (1,000000000000e+03) | measured fitness | best measured fitness | x1 | x2...
1 0 +1,423835281e+03 +1,423835281e+03 +2,423835281e+03 +2,423835281e+03 +1,6742e+00 +3,5450e-01 +3,4754e+00 +2,7924e+00 -6,8336e-01 +1,6266e+00 +1,1595e+00 -6,3730e-01 +3,7138e+00 -4,0363e+00 +4,6378e+00 +3,4287e+00 +1,7071e+00 -4,1951e+00 -7,9352e-01 -2,2337e+00 +4,7083e+00 +3,2086e-01 +2,5770e+00 -1,9635e+00
7 0 +1,282217914e+03 +1,282217914e+03 +2,282217914e+03 +2,282217914e+03 +4,0346e+00 +3,7559e+00 +4,3915e+00 -2,8429e+00 -6,4479e-01 +3,3043e+00 -4,2358e+00 +2,1995e+00 -2,1613e+00 +2,6194e+00 -4,3257e-01 +4,8151e+00 -3,9992e+00 +3,9482e+00 -3,7592e+00 +3,5072e+00 +2,6460e+00 -1,7938e+00 +2,0072e+00 -3,0399e+00
9 0 +6,529695739e+02 +6,529695739e+02 +1,652969574e+03 +1,652969574e+03 -9,3588e-01 -2,1167e-01 +3,2871e+00 +2,6741e+00 +1,5817e+00 -7,1965e-01 -4,1137e-02 -1,1788e+00 -9,0340e-01 +2,2215e+00 -2,9737e+00 -2,7008e+00 -1,2684e+00 -1,6434e-01 -6,8130e-01 +2,7474e+00 +4,1504e+00 -2,6662e+00 +4,9861e+00 +1,6538e+00
% f evaluations | g evaluations | best noise-free fitness - Fopt | noise-free fitness - Fopt (7,003000000000e+01) | measured fitness | best measured fitness | x1 | x2...
1 0 +1,206866241e+03 +1,206866241e+03 +1,276896241e+03 +1,276896241e+03 -3,1414e+00 +5,3502e-02 -3,2973e+00 -1,3218e+00 +3,2213e+00 +3,6485e+00 +2,0190e+00 +3,3757e-01 +5,8603e-01 -3,6401e+00 +2,3555e+00 +2,1271e+00 +4,9696e+00 -1,3360e+00 +2,3437e+00 -9,7577e-01 +3,1424e+00 +1,7527e+00 +8,4577e-01 +1,9018e+00
15 0 +8,994161018e+02 +8,994161018e+02 +9,694461018e+02 +9,694461018e+02 -6,7175e-01 -1,5935e+00 -2,0016e+00 +2,6179e+00 +1,1442e+00 -1,2632e+00 +3,9645e+00 -2,1591e+00 -5,3459e-01 -2,7478e-01 -8,1470e-01 -2,9456e+00 +3,8718e+00 -4,4228e+00 +1,6887e+00 +1,8492e+00 +3,9446e+00 +1,9440e+00 -3,8074e+00 +9,3994e-01
% f evaluations | g evaluations | best noise-free fitness - Fopt | noise-free fitness - Fopt (-4,822000000000e+01) | measured fitness | best measured fitness | x1 | x2...
1 0 +2,674915993e+03 +2,674915993e+03 +2,626695993e+03 +2,626695993e+03 +4,0461e+00 +1,9497e+00 -3,7126e+00 -2,3563e+00 -4,6757e+00 -3,3780e+00 +1,1320e+00 +1,3314e-01 -3,5915e+00 -1,3685e+00 +1,0269e+00 -2,5726e+00 +4,2325e+00 -2,1947e+00 -2,0493e-01 +2,6788e+00 -1,0412e+00 -2,8459e+00 -1,5102e+00 -4,8503e+00
2 0 +1,749596480e+03 +1,749596480e+03 +1,701376480e+03 +1,701376480e+03 +3,3297e+00 -4,5364e+00 +5,2488e-01 -4,0663e+00 -7,9862e-01 -3,8394e+00 -3,3157e-01 -4,2508e+00 -1,7020e+00 +1,3089e+00 -3,0166e+00 -3,8141e+00 +8,3198e-01 -1,2237e+00 +2,6907e+00 -5,0005e-01 +1,3107e+00 +1,3715e+00 +2,8861e+00 +2,3432e+00
3 0 +1,299095495e+03 +1,299095495e+03 +1,250875495e+03 +1,250875495e+03 -4,4138e+00 -9,4270e-01 -9,4240e-01 -4,3465e+00 -2,9961e+00 -7,7004e-01 +4,3392e-01 -3,6587e+00 +2,3665e+00 -4,5112e+00 -4,6669e+00 -3,6181e+00 +3,5472e-01 +2,3256e+00 -2,1116e+00 +1,4512e+00 -3,9695e+00 +1,7267e+00 +7,9459e-01 +4,3421e+00
7 0 +9,974910745e+02 +9,974910745e+02 +9,492710745e+02 +9,492710745e+02 -4,3910e+00 -3,5134e+00 +5,3686e-01 +4,7237e+00 +2,3141e+00 -3,2018e+00 -4,0843e+00 +1,4678e+00 -2,6492e-01 +3,4267e+00 +3,7323e+00 +4,3997e-01 -2,5633e+00 -3,3068e+00 +2,5329e+00 +8,9484e-01 +9,6206e-01 -2,4440e+00 +1,7412e+00 -3,4437e-01
10 0 +7,379939186e+02 +7,379939186e+02 +6,897739186e+02 +6,897739186e+02 -2,2368e+00 +4,6757e+00 -2,9478e+00 -3,2198e+00 -2,0988e+00 +3,3297e+00 -9,6449e-01 +1,9938e+00 -2,4058e+00 +3,4892e+00 -2,3779e+00 +1,3298e+00 -3,1376e-01 +5,2026e-01 -2,3151e+00 -3,6723e+00 -9,8673e-01 +2,0131e+00 -3,2830e+00 +4,4593e+00
% f evaluations | g evaluations | best noise-free fitness - Fopt | noise-free fitness - Fopt (2,547000000000e+01) | measured fitness | best measured fitness | x1 | x2...
1 0 +1,920353297e+03 +1,920353297e+03 +1,945823297e+03 +1,945823297e+03 -4,2034e+00 +2,4984e+00 -2,4262e+00 +2,1738e+00 +4,7998e+00 +4,2863e+00 -3,5922e+00 -2,8691e+00 -4,9215e+00 +3,4159e+00 +1,9037e+00 +4,6596e+00 +1,1318e+00 -1,8631e+00 +4,1044e+00 -2,2904e+00 +2,3703e-01 +2,8665e+00 -2,2509e+00 -2,7083e+00
14 0 +1,698809171e+03 +1,698809171e+03 +1,724279171e+03 +1,724279171e+03 -3,7531e+00 -2,6629e+00 +5,6334e-01 +4,9164e-01 +9,3773e-01 +5,8557e-01 +4,9511e+00 +1,2784e+00 -4,5651e+00 +1,4376e-01 +2,8204e-02 -3,0399e+00 +2,5574e+00 -2,8016e+00 -6,0102e-01 +2,2097e+00 -4,6210e+00 -2,4933e-01 +4,6457e+00 -5,8523e-01
16 0 +1,335937383e+03 +1,335937383e+03 +1,361407383e+03 +1,361407383e+03 -3,8498e+00 -4,6194e+00 -3,8816e+00 -1,5432e+00 -2,9523e+00 -3,0431e+00 -2,0275e+00 +1,6942e+00 -1,6056e+00 -1,0841e+00 -3,0238e+00 -4,9805e+00 +2,7917e+00 -4,8557e+00 +4,5327e+00 -3,1223e+00 -2,9277e-01 -1,4269e+00 -4,8495e+00 +1,0438e+00
19 0 +1,032040048e+03 +1,032040048e+03 +1,057510048e+03 +1,057510048e+03 -1,4907e+00 +3,9586e-01 +6,5515e-01 +2,8325e+00 +2,0505e+00 +1,2912e+00 -1,5522e-01 -3,6510e+00 +1,6570e+00 +2,3394e+00 -3,5649e+00 -3,8419e+00 +3,8739e+00 +1,3265e+00 -1,0034e+00 +2,8826e-01 +2,4239e+00 +8,6641e-01 +4,1133e+00 -1,4401e+00
% f evaluations | g evaluations | best noise-free fitness - Fopt | noise-free fitness - Fopt (-1,008100000000e+02) | measured fitness | best measured fitness | x1 | x2...
1 0 +2,402758179e+03 +2,402758179e+03 +2,301948179e+03 +2,301948179e+03 -1,3079e+00 -2,1292e+00 -7,6156e-01 +4,7995e+00 +4,1376e+00 -3,4904e+00 -1,9899e+00 -2,7938e+00 +1,4222e+00 -2,4756e+00 -1,1409e+00 -4,1471e+00 +4,1672e-01 +6,6848e-01 -1,5002e+00 -2,9913e+00 +1,1736e+00 -2,6063e+00 +3,5564e+00 +3,2222e+00
2 0 +1,143964937e+03 +1,143964937e+03 +1,043154937e+03 +1,043154937e+03 -3,0220e-01 +3,9165e+00 -4,2702e-02 +4,4130e+00 +3,9730e+00 -4,4563e+00 +1,1558e+00 -4,6418e-01 -6,9030e-01 +4,3943e+00 -4,2096e+00 -4,0214e+00 +3,6939e+00 -3,1583e+00 +2,9187e-01 +2,5747e+00 +4,4867e+00 +2,7527e+00 +9,0009e-01 -2,6073e+00
5 0 +1,118404144e+03 +1,118404144e+03 +1,017594144e+03 +1,017594144e+03 -4,4872e+00 -4,8998e+00 +3,8280e+00 +6,3689e-01 +1,9526e+00 +3,9278e+00 +4,9223e+00 -2,4080e+00 -4,1821e+00 -1,6592e+00 +1,5156e+00 -3,0536e+00 +1,8757e-02 +2,7241e+00 -1,7617e+00 -8,4071e-01 -7,1303e-01 +1,1005e+00 +4,2766e+00 +7,1324e-01
10 0 +1,033435475e+03 +1,033435475e+03 +9,326254754e+02 +9,326254754e+02 -1,5494e+00 +1,4792e+00 +3,1419e+00 -1,1556e+00 +3,6304e-01 -4,4639e+00 -2,5974e+00 -3,4005e+00 -2,1194e-01 +3,5907e+00 +4,5072e+00 -2,2051e+00 +4,2930e+00 +7,4781e-01 +2,9724e+00 +1,6641e+00 -1,6770e+00 -4,3651e+00 +4,2572e+00 +2,0713e+00
15 0 +1,008639845e+03 +1,008639845e+03 +9,078298452e+02 +9,078298452e+02 -3,7079e+00 +2,2076e+00 -5,6041e-01 -2,6651e-01 +4,7462e+00 -3,6443e+00 +2,9794e-01 -2,2747e+00 +1,3867e+00 -9,3807e-01 -3,6276e+00 -4,7184e+00 -2,3950e+00 -9,1802e-03 +3,1293e+00 -1,6568e+00 -2,2349e+00 +3,9795e+00 +3,1939e-01 +3,3695e+00
17 0 +6,328507052e+02 +6,328507052e+02 +5,320407052e+02 +5,320407052e+02 -1,5781e+00 -2,9212e+00 +1,8746e-01 -4,7111e-01 +2,2669e+00 -1,1837e-01 -1,7514e+00 -4,1696e+00 -3,5649e+00 +1,7097e+00 -1,0166e+00 -7,4406e-01 +2,9809e+00 -5,1882e-02 +4,3378e+00 +2,2436e+00 +3,8761e+00 -6,1863e-01 -1,8025e+00 +2,1290e+00
% f evaluations | g evaluations | best noise-free fitness - Fopt | noise-free fitness - Fopt (-3,531300000000e+02) | measured fitness | best measured fitness | x1 | x2...
1 0 +1,641044222e+03 +1,641044222e+03 +1,287914222e+03 +1,287914222e+03 -3,8015e+00 -6,0624e-01 -5,6748e-01 -1,9310e+00 +1,0668e+00 -3,7101e+00 -1,4380e+00 +2,6121e-01 +2,1815e+00 +2,5061e+00 +2,6557e+00 +2,8313e+00 -1,9166e-03 +2,6385e+00 -4,7759e+00 -2,9617e+00 +1,1935e+00 +3,0915e+00 -4,0709e+00 -5,6053e-01
4 0 +1,248096676e+03 +1,248096676e+03 +8,949666763e+02 +8,949666763e+02 +1,4801e+00 +3,7935e+00 +3,4231e-01 -7,1322e-01 -1,6667e-01 +1,2425e+00 +5,1846e-01 +1,2573e+00 -7,1038e-01 -4,4404e+00 -4,2055e+00 -2,5478e-01 +2,3505e+00 -4,4566e+00 -2,4592e+00 +1,3526e-01 -3,0308e+00 -2,9231e+00 -4,3447e+00 +6,3361e-01
9 0 +1,182890789e+03 +1,182890789e+03 +8,297607893e+02 +8,297607893e+02 +1,1044e+00 +3,6932e-01 -3,8241e+00 -1,1023e+00 -4,5917e+00 -2,4717e+00 +3,4094e-01 +1,3669e+00 -3,4870e+00 +3,9743e+00 +1,4008e+00 -6,9663e-01 -2,5163e-01 +3,8157e+00 +7,3112e-01 +1,8422e+00 -3,8213e+00 -4,0876e-02 -8,0031e-01 +8,3430e-01
24 0 +8,277900878e+02 +8,277900878e+02 +4,746600878e+02 +4,746600878e+02 +4,8811e-01 +3,7669e+00 -1,1821e+00 -1,1534e-01 +9,5742e-01 -4,1781e+00 +1,7921e+00 -8,6700e-01 +4,2944e+00 +1,1877e+00 +2,8839e-01 +2,0022e+00 +1,8043e+00 -4,2935e+00 +2,6206e-02 -2,0802e+00 -3,1775e+00 +2,0900e+00 -1,2901e+00 +1,6215e+00
% f evaluations | g evaluations | best noise-free fitness - Fopt | noise-free fitness - Fopt (8,716000000000e+01) | measured fitness | best measured fitness | x1 | x2...
1 0 +1,795194699e+03 +1,795194699e+03 +1,882354699e+03 +1,882354699e+03 +4,0269e+00 +1,4891e+00 +4,4244e+00 -2,9822e+00 +2,9800e+00 -7,4190e-01 -4,1493e+00 -7,4154e-01 -5,0016e-01 -4,2873e+00 -2,2872e+00 +2,8090e+00 +3,4975e+00 +1,4063e-01 -3,6355e+00 -1,0377e-02 -3,4384e+00 +3,5664e-01 +4,8624e+00 +2,7665e+00
2 0 +1,075761873e+03 +1,075761873e+03 +1,162921873e+03 +1,162921873e+03 -3,5843e+00 +4,1329e+00 -4,8595e+00 +3,3523e+00 -2,7991e+00 -6,2431e-01 -2,5266e+00 -3,6180e+00 -3,3149e+00 -1,5363e+00 +2,3715e+00 -4,3961e+00 -1,8958e+00 +1,3552e+00 -5,1329e-02 +1,7488e+00 +2,0850e-02 +2,8212e+00 -4,2464e+00 -1,4789e+00
3 0 +8,989191270e+02 +8,989191270e+02 +9,860791270e+02 +9,860791270e+02 +2,3189e+00 +1,4775e+00 +7,7078e-02 +5,0297e-01 +2,5089e-01 +2,1641e+00 -1,7437e-01 +1,7021e-01 +1,3199e+00 -1,3375e+00 -1,8057e+00 +1,1897e+00 +1,6964e+00 +7,4014e-01 -2,4217e+00 +1,7002e+00 -1,3780e-01 -1,9226e+00 -4,5713e+00 +4,3764e+00
7 0 +7,195645876e+02 +7,195645876e+02 +8,067245876e+02 +8,067245876e+02 +4,6167e+00 +4,3823e+00 -5,1253e-01 +4,1090e+00 +2,0654e+00 -4,7277e-01 -2,9891e+00 +3,1423e-01 -4,6772e+00 +3,7043e+00 -3,0235e+00 -4,2962e+00 +3,3970e+00 -1,4967e+00 -2,2491e+00 -4,4130e+00 -3,8102e+00 -4,8176e+00 -2,4845e+00 -1,3945e-01
11 0 +5,622185887e+02 +5,622185887e+02 +6,493785887e+02 +6,493785887e+02 +1,6471e+00 +4,6264e+00 -4,4537e+00 +4,5151e-01 +1,4207e+00 -2,6143e+00 +3,7626e+00 -1,2126e+00 -3,0968e+00 +3,5958e+00 -3,7595e+00 -8,9303e-01 -3,8997e-01 -3,4545e+00 -1,2908e+00 +1,7579e+00 +1,7353e-01 +1,2942e+00 -3,8948e+00 -4,4417e-01
% f evaluations | g evaluations | best noise-free fitness - Fopt | noise-free fitness - Fopt (-3,475000000000e+01) | measured fitness | best measured fitness | x1 | x2...
1 0 +1,757676817e+03 +1,757676817e+03 +1,722926817e+03 +1,722926817e+03 -2,0054e+00 +2,1129e+00 -2,5757e-01 +4,1402e+00 +3,8567e+00 -4,3211e+00 -1,9669e+00 +1,7538e+00 -3,0909e+00 +3,8628e+00 +1,3741e+00 -3,5132e+00 -4,7041e+00 +3,2511e+00 -2,8171e+00 -1,5596e+00 +4,4938e+00 +4,3169e+00 -2,2783e+00 +1,5715e+00
3 0 +1,505320528e+03 +1,505320528e+03 +1,470570528e+03 +1,470570528e+03 -3,7785e+00 -2,2525e+00 -3,5086e+00 +3,9149e+00 -1,6539e+00 +1,2918e+00 +2,4521e+00 +1,3723e+00 +3,4484e+00 +1,5005e+00 -2,4797e+00 -1,9242e+00 -1,2911e+00 -4,6955e+00 -4,9181e+00 -4,5210e+00 +4,3668e+00 -2,4445e+00 -1,7387e+00 +4,6932e+00
11 0 +1,111489803e+03 +1,111489803e+03 +1,076739803e+03 +1,076739803e+03 -4,3485e+00 +3,8457e+00 -4,3491e+00 +4,3313e+00 +2,8666e+00 -3,0723e+00 -1,9646e+00 -6,5222e-01 +9,4277e-01 +3,1575e+00 -1,1955e-01 +4,1768e+00 -2,0683e+00 +5,6333e-01 -3,6599e+00 -7,0259e-02 -2,8592e+00 +4,5930e+00 +2,9534e+00 +3,8190e+00
24 0 +1,084093982e+03 +1,084093982e+03 +1,049343982e+03 +1,049343982e+03 -4,6403e+00 +3,4552e+00 -2,8219e+00 +3,4924e+00 -2,0645e+00 -4,2681e-01 -2,6314e+00 -3,1038e+00 -4,5215e+00 -4,6691e+00 -4,9885e+00 +1,3246e+00 -2,0088e-01 -4,3464e+00 +1,3717e+00 +2,6239e+00 +4,3520e+00 +2,3630e+00 +2,6542e+00 -3,0711e+00
% f evaluations | g evaluations | best noise-free fitness - Fopt | noise-free fitness - Fopt (-1,000000000000e+03) | measured fitness | best measured fitness | x1 | x2...
1 0 +1,068006143e+03 +1,068006143e+03 +6,800614275e+01 +6,800614275e+01 +4,3867e+00 -4,3045e+00 +3,8172e+00 -3,1407e+00 +3,6874e+00 +4,9536e+00 +1,3404e+00 +3,9296e+00 -2,1847e+00 -8,9355e-01 -4,3246e+00 -1,3529e+00 -1,9174e+00 +3,6555e+00 +1,9459e+00 +2,5136e+00 -2,3149e-01 +4,0201e+00 -8,6490e-01 -5,1137e-01
6 0 +1,046503483e+03 +1,046503483e+03 +4,650348286e+01 +4,650348286e+01 -3,5890e+00 +3,8714e-01 +2,6397e-01 -4,3144e+00 +1,5324e+00 +6,0551e-01 +3,0774e+00 -6,7403e-01 -1,9262e+00 -4,1982e+00 -2,6945e+00 +4,8883e+00 +4,9741e+00 -1,5033e+00 +2,9926e+00 +9,9079e-01 +3,6247e-01 -2,1606e-01 +4,1037e+00 +1,3821e+00
34 0 +7,416235346e+02 +7,416235346e+02 -2,583764654e+02 -2,583764654e+02 -1,4097e+00 -2,4741e+00 -5,9438e-01 -9,1495e-01 -5,3379e-01 -1,3368e+00 -3,5182e+00 +3,3186e+00 -2,5884e+00 +1,7176e+00 +6,4584e-01 +8,4662e-02 +1,8202e+00 -4,2778e+00 -2,0812e+00 -2,8197e+00 -8,9112e-01 -3,8832e+00 -2,4243e+00 +3,0599e+00
% f evaluations | g evaluations | best noise-free fitness - Fopt | noise-free fitness - Fopt (-9,247000000000e+01) | measured fitness | best measured fitness | x1 | x2...
1 0 +2,233643756e+03 +2,233643756e+03 +2,141173756e+03 +2,141173756e+03 +2,8173e+00 -1,4198e+00 +4,1244e+00 -2,5019e+00 +3,9745e-01 +2,6213e+00 +2,8366e-01 -2,8718e+00 -3,5144e+00 -2,4104e+00 +1,6117e+00 +1,2503e+00 +2,9040e+00 +4,7758e+00 +2,2547e+00 -4,6454e-01 +3,8378e+00 +4,1236e+00 +3,3861e+00 +1,6389e+00
3 0 +9,918140927e+02 +9,918140927e+02 +8,993440927e+02 +8,993440927e+02 -3,2892e+00 -2,8630e+00 +3,4480e+00 +2,6996e+00 -3,8841e+00 +4,7118e-01 -1,6011e+00 +4,6669e+00 +2,4319e+00 -1,2806e+00 +8,9866e-01 -4,1732e+00 +7,3655e-01 -2,4722e+00 -2,0349e-01 -4,8895e+00 +3,2494e+00 +1,5797e+00 -3,1349e-01 -3,0113e+00
32 0 +8,472380617e+02 +8,472380617e+02 +7,547680617e+02 +7,547680617e+02 -1,5724e+00 +6,2599e-02 -3,0957e-01 -1,0703e+00 -4,3656e-01 -4,3252e+00 -9,0811e-01 +1,6376e+00 -1,9647e+00 +2,8603e+00 -4,4419e+00 +3,9465e+00 -3,6726e+00 -1,5381e+00 +2,7540e+00 -3,0186e+00 +1,0536e+00 +4,9536e+00 +3,4061e+00 -3,6424e-01
% f evaluations | g evaluations | best noise-free fitness - Fopt | noise-free fitness - Fopt (-2,153000000000e+02) | measured fitness | best measured fitness | x1 | x2...
1 0 +2,848141357e+03 +2,848141357e+03 +2,632841357e+03 +2,632841357e+03 +1,5909e+00 -3,0368e+00 -4,1728e+00 -4,2499e+00 +4,2706e+00 -1,3825e-01 +3,5848e-01 -3,1151e+00 +1,5339e+00 +5,1835e-01 -4,0944e+00 -9,7035e-01 +1,7126e+00 +4,3971e+00 -2,1243e+00 -3,8065e+00 -3,5611e+00 -9,1602e-01 -6,9398e-01 +3,3506e+00
3 0 +2,170074688e+03 +2,170074688e+03 +1,954774688e+03 +1,954774688e+03 -2,8562e+00 +2,5921e-01 -4,6350e+00 +6,6493e-01 -8,5799e-01 +1,2873e+00 +3,2014e+00 -4,0384e+00 -2,5183e+00 +1,5690e+00 -1,8465e+00 +7,5953e-01 +8,1789e-01 -4,3055e+00 +4,7640e+00 +1,3264e+00 -1,5520e-01 +4,4629e+00 +1,2063e+00 -7,0802e-01
4 0 +1,266013811e+03 +1,266013811e+03 +1,050713811e+03 +1,050713811e+03 -6,8884e-01 -1,2034e+00 -7,2154e-01 +1,7248e+00 +1,1163e+00 -4,3130e+00 +8,5648e-01 +2,2519e+00 -2,4261e+00 +3,6017e-01 -3,2486e+00 +2,4435e-01 +1,1653e+00 +3,6603e+00 +4,4350e+00 +4,4385e+00 +3,4042e+00 +3,0540e-02 -4,3216e+00 +3,2684e+00
5 0 +1,046958396e+03 +1,046958396e+03 +8,316583963e+02 +8,316583963e+02 +7,9434e-01 -5,9301e-01 +3,7891e+00 -3,3420e+00 +2,8674e-01 -4,1546e+00 +2,8391e+00 +3,0537e+00 +1,2991e-01 -3,2364e+00 -1,9574e+00 +1,0733e+00 +4,5534e+00 -6,9024e-01 -2,7262e+00 -2,6926e+00 +2,3380e+00 +4,5573e+00 -1,3952e+00 +5,2662e-01
28 0 +9,541989317e+02 +9,541989317e+02 +7,388989317e+02 +7,388989317e+02 -4,3073e+00 +4,8793e+00 +3,3385e+00 +2,1998e-01 -1,5508e+00 +1,1275e+00 -2,9621e-01 +2,9962e+00 -3,9835e+00 -2,3421e+00 -3,1997e+00 -1,4532e+00 -1,8067e+00 -1,8199e+00 -2,7044e+00 -3,2110e+00 -4,9782e+00 +3,1868e+00 -1,1751e+00 +4,7910e+00
% f evaluations | g evaluations | best noise-free fitness - Fopt | noise-free fitness - Fopt (-5,449000000000e+01) | measured fitness | best measured fitness | x1 | x2...
1 0 +1,347738231e+03 +1,347738231e+03 +1,293248231e+03 +1,293248231e+03 -4,4362e+00 -2,6669e+00 +2,9191e+00 +3,6499e+00 +4,8733e+00 -4,5036e+00 +3,2502e+00 +4,4609e+00 +1,9078e+00 -2,2762e+00 +2,7395e-01 -2,4122e+00 +2,4155e+00 -2,0510e-01 +6,9991e-02 +3,1951e+00 -2,9436e-01 -1,5370e-01 -2,3332e+00 +1,3802e+00
2 0 +1,070199097e+03 +1,070199097e+03 +1,015709097e+03 +1,015709097e+03 +3,2323e+00 -1,0138e+00 +4,6729e+00 +4,6647e+00 -3,3786e+00 -3,4442e+00 +3,8723e-02 +1,7497e+00 -3,6847e+00 +3,6570e+00 +4,2122e-01 +4,9311e+00 +1,1240e+00 +2,5517e-01 -9,8069e-01 -2,1239e-01 +1,1422e+00 +4,4187e+00 -1,8000e+00 -1,4590e+00
11 0 +1,044719969e+03 +1,044719969e+03 +9,902299686e+02 +9,902299686e+02 +2,8425e+00 +6,3303e-01 +2,6917e+00 -2,6438e+00 +3,4480e+00 +3,4621e+00 +1,8600e+00 -1,9920e+00 +2,3598e+00 +4,2415e+00 -4,8070e+00 +2,7083e+00 -2,6457e+00 +1,6160e+00 +7,7543e-01 -2,7984e+00 -1,9183e+00 -1,1406e+00 -9,7462e-01 -4,0678e+00
16 0 +9,542070965e+02 +9,542070965e+02 +8,997170965e+02 +8,997170965e+02 +4,1086e+00 +9,1001e-02 -4,5280e+00 +3,0225e-01 +8,6268e-01 +4,2863e+00 -1,7053e+00 -1,7201e+00 -9,4053e-01 +1,2920e+00 -1,3777e+00 -2,0127e+00 +1,4523e+00 -9,0960e-01 +1,8531e+00 +2,8804e+00 -1,1540e-01 +6,1853e-01 -2,6078e+00 -4,7188e+00
37 0 +6,635250995e+02 +6,635250995e+02 +6,090350995e+02 +6,090350995e+02 +5,1786e-01 -4,7873e+00 -2,3221e-01 +3,4362e+00 +2,1941e+00 -2,2700e+00 +2,4219e+00 +1,0527e-03 -1,2159e+00 +1,8729e+00 +9,7328e-01 +1,0918e+00 -1,7148e+00 -1,6728e+00 +1,9994e+00 -1,4523e+00 -3,0352e+00 -1,6321e+00 -1,7102e+00 -1,6918e+00
% f evaluations | g evaluations | best noise-free fitness - Fopt | noise-free fitness - Fopt (5,049000000000e+01) | measured fitness | best measured fitness | x1 | x2...
1 0 +3,444271241e+03 +3,444271241e+03 +3,494761241e+03 +3,494761241e+03 -3,4949e+00 -5,8998e-01 +1,8661e+00 +3,0441e+00 +4,7788e-01 +4,9079e-01 +4,5392e+00 +8,7731e-01 -4,6254e+00 +3,7260e+00 +3,1961e+00 +3,9920e+00 -3,5765e+00 -4,6381e+00 -2,5762e+00 +2,4254e+00 +4,7793e+00 +3,0336e+00 +1,0734e+00 -2,3670e+00
2 0 +2,349651522e+03 +2,349651522e+03 +2,400141522e+03 +2,400141522e+03 +1,6320e+00 -3,6505e-01 +3,8700e+00 -3,5366e+00 -1,4401e-01 +3,3893e+00 +6,9596e-01 +4,7106e+00 +3,9208e-01 -6,1674e-01 -2,7140e+00 +5,2902e-01 +2,1640e+00 +2,0115e+00 -4,0319e+00 -3,2842e+00 -4,9932e+00 +3,5358e+00 +4,0347e+00 -3,8494e+00
3 0 +1,512328987e+03 +1,512328987e+03 +1,562818987e+03 +1,562818987e+03 +4,8200e+00 +1,2733e+00 +3,5162e-01 -3,4746e+00 -1,0429e+00 +4,8078e+00 +2,8859e+00 -1,0914e+00 -2,2760e+00 -4,9433e+00 +9,8325e-01 -3,4506e-01 +4,7851e+00 -9,7242e-01 +1,4246e+00 -3,2909e+00 -4,7419e+00 -2,3361e+00 -3,4364e+00 -5,5532e-01
9 0 +1,025047028e+03 +1,025047028e+03 +1,075537028e+03 +1,075537028e+03 +3,3857e+00 -1,9617e+00 +1,1099e+00 +4,1971e-01 -2,1044e+00 -3,1640e+00 -1,5114e+00 -1,0515e+00 -3,7668e+00 +4,9271e+00 +3,5700e+00 +3,9629e-02 +2,1522e+00 -1,7377e+00 -4,2763e+00 +1,4779e+00 -3,2835e-02 -1,3818e-01 +2,8951e+00 -2,2154e+00
% f evaluations | g evaluations | best noise-free fitness - Fopt | noise-free fitness - Fopt (-3,641300000000e+02) | measured fitness | best measured fitness | x1 | x2...
1 0 +1,876869997e+03 +1,876869997e+03 +1,512739997e+03 +1,512739997e+03 -4,0414e+00 +1,5853e+00 -2,2504e+00 -4,4381e+00 -1,2960e-02 +4,9567e+00 +3,9055e+00 +3,4475e+00 -4,9236e-01 -3,7011e+00 +4,1814e+00 -1,3003e-01 -1,3003e+00 +2,7348e+00 +4,1784e+00 -3,3944e+00 +9,2050e-01 +2,6364e+00 -3,6437e+00 -4,6164e+00
2 0 +1,055763222e+03 +1,055763222e+03 +6,916332222e+02 +6,916332222e+02 -1,0952e+00 +2,2220e+00 +2,5003e-01 -6,2069e-01 +3,7288e+00 -1,9650e+00 -1,9722e+00 +7,2342e-01 -4,2557e+00 +2,2055e+00 -3,6031e+00 +2,2019e+00 +4,8035e+00 +4,0852e+00 +3,2524e+00 +2,5435e+00 +2,6411e-01 +9,8578e-02 -1,0755e+00 +2,4731e+00
4 0 +9,585107796e+02 +9,585107796e+02 +5,943807796e+02 +5,943807796e+02 -2,4600e+00 -6,4419e-01 +2,7829e-01 -3,7519e+00 +4,4961e+00 -2,6294e+00 -2,6657e+00 +3,4563e+00 +2,2319e+00 +7,3284e-01 +2,7155e+00 +1,7370e+00 +2,9661e+00 +2,7836e+00 +2,6519e+00 -3,4374e+00 -2,8191e+00 -2,1113e+00 +2,1806e+00 +6,4454e-01
9 0 +9,188300788e+02 +9,188300788e+02 +5,547000788e+02 +5,547000788e+02 -2,4197e+00 -2,7658e+00 -1,0029e+00 -2,9552e-01 -2,5071e+00 -5,6468e-01 +1,9512e+00 +3,7767e+00 +2,3247e+00 -4,5157e+00 +1,1080e+00 -3,0851e+00 -1,4863e+00 +8,7126e-01 -1,1365e+00 -3,8558e+00 +3,3810e+00 +2,0258e+00 +3,8334e+00 +5,1424e-01
19 0 +8,865764971e+02 +8,865764971e+02 +5,224464971e+02 +5,224464971e+02 -4,1281e+00 -2,2480e+00 -2,1729e+00 +3,7714e+00 +4,7753e+00 -2,3696e+00 -8,0596e-01 -7,7300e-01 -9,0757e-01 -9,6850e-01 -9,5686e-01 -2,2632e+00 +1,8264e+00 +1,5828e+00 +1,5192e+00 -1,4255e+00 -2,3521e+00 +4,4172e+00 +4,9553e+00 -1,3075e+00
21 0 +6,130176030e+02 +6,130176030e+02 +2,488876030e+02 +2,488876030e+02 -2,0218e+00 -2,5330e+00 +1,9583e+00 -2,1636e+00 -2,0778e+00 -3,6838e+00 -2,3316e-01 +2,1341e+00 +1,6924e+00 -1,0597e+00 -8,0415e-01 -3,9847e+00 +1,6911e+00 -6,2459e-01 -7,0873e-01 +3,3315e+00 +3,8776e-01 +9,6963e-01 +1,3220e+00 +1,5262e+00
% f evaluations | g evaluations | best noise-free fitness - Fopt | noise-free fitness - Fopt (1,592700000000e+02) | measured fitness | best measured fitness | x1 | x2...
1 0 +1,992032215e+03 +1,992032215e+03 +2,151302215e+03 +2,151302215e+03 +6,0334e-01 -1,1391e+00 +2,9089e+00 -4,9144e+00 -2,6427e+00 -2,3464e+00 -2,1657e+00 +4,8107e+00 -4,8272e+00 -2,4656e+00 +5,3617e-01 -2,9946e+00 +3,0870e-01 +3,4215e+00 +1,0603e+00 +1,4512e+00 -2,8799e+00 +4,2020e+00 -5,3542e-01 -2,0029e+00
2 0 +9,295034480e+02 +9,295034480e+02 +1,088773448e+03 +1,088773448e+03 -8,4209e-02 -3,4708e+00 +4,2721e+00 -3,3933e+00 -2,0728e+00 +2,3064e+00 -2,9418e+00 -2,0157e+00 +2,6128e+00 -1,5999e+00 -3,5554e+00 +8,4542e-01 +3,1308e+00 -3,6882e+00 +4,6618e+00 -4,3814e+00 +1,4888e+00 +2,9418e-01 +3,7988e+00 +4,6488e+00
38 0 +8,746994806e+02 +8,746994806e+02 +1,033969481e+03 +1,033969481e+03 -3,6630e+00 +1,0497e+00 +4,3845e+00 -4,6411e+00 +2,5467e+00 -1,6289e+00 -3,8444e+00 -4,5475e-01 +1,0937e+00 +7,1348e-01 +2,7263e-01 +8,4535e-01 -1,5128e+00 -1,5626e+00 +5,7866e-01 -1,0971e-01 +3,5508e+00 -2,4027e+00 +2,5447e+00 +2,1808e+00
