% f evaluations | g evaluations | best noise-free fitness - Fopt | noise-free fitness - Fopt (-5,235000000000e+01) | measured fitness | best measured fitness | x1 | x2...
1 0 +1,279931078e+02 +1,279931078e+02 +7,564310785e+01 +7,564310785e+01 +6,8933e-01 +2,0772e-01 +4,0923e+00 -3,3249e+00 +1,6719e+00 -3,1033e+00 +3,5096e+00 -3,3124e+00 -1,2477e+00 -4,7418e+00 +1,0474e+00 +3,2142e+00 -1,7805e+00 +3,7869e+00 +2,1412e+00 -3,8397e+00 +1,9839e+00 +4,8415e+00 -1,6760e+00 -3,4526e+00
6 0 +1,107386431e+02 +1,107386431e+02 +5,838864306e+01 +5,838864306e+01 -2,2174e+00 -1,5565e+00 -5,9893e-01 +1,5226e+00 +3,5178e+00 -2,5839e+00 +1,7378e+00 +1,3036e+00 +3,3183e+00 -2,5012e+00 -4,0861e+00 -5,6830e-01 -1,8009e-01 -1,3091e+00 +1,5619e+00 -2,5668e-01 +3,8101e+00 -3,5999e+00 +2,4990e+00 -1,1281e+00
8 0 +1,091094057e+02 +1,091094057e+02 +5,675940567e+01 +5,675940567e+01 +6,5912e-01 -4,7097e+00 +4,7504e+00 -1,1615e+00 +4,6181e+00 +3,6694e+00 -3,8409e+00 -7,0934e-02 +1,6527e-01 -1,2884e+00 +3,6101e+00 +2,3409e-02 +1,9650e+00 -1,3361e+00 -1,2005e+00 +1,6037e+00 -4,0857e+00 +1,6389e+00 +1,8397e-01 -1,1621e+00
14 0 +1,065089170e+02 +1,065089170e+02 +5,415891697e+01 +5,415891697e+01 -3,8655e+00 -2,6126e+00 -1,6305e+00 +3,7401e+00 +4,3674e+00 -1,4066e+00 -8,5524e-01 +3,7468e-01 -1,9410e+00 +2,7499e+00 +6,8719e-01 +1,2204e+00 -4,1584e-01 -1,7781e+00 -6,5242e-01 -4,1235e+00 -1,8148e+00 +1,6529e+00 +1,3699e+00 -4,4821e+00
23 0 +7,438756364e+01 +7,438756364e+01 +2,203756364e+01 +2,203756364e+01 -3,4156e+00 +3,6047e+00 -1,2022e+00 +9,0268e-01 -2,7305e-01 +3,4582e+00 +3,3262e+00 -2,7060e+00 -1,8191e+00 -1,7914e+00 -3,2568e+00 +1,6572e+00 -4,8396e+00 -1,6626e+00 +3,2496e+00 -4,3154e+00 -2,0030e+00 +1,1921e+00 +3,3938e+00 -1,3031e-01
28 0 +6,947980001e+01 +6,947980001e+01 +1,712980001e+01 +1,712980001e+01 -3,2042e+00 -3,7005e+00 +2,3075e+00 -4,8221e+00 +6,3475e-02 +1,7687e+00 -2,1476e+00 +4,4620e+00 +7,7527e-02 +2,6206e+00 +4,0681e+00 +3,0897e+00 +2,7131e+00 -9,8885e-01 +1,8251e+00 -2,8085e+00 -2,0215e+00 -6,6009e-01 +4,9625e+00 -3,1224e+00
36 0 +3,716048497e+01 +3,716048497e+01 -1,518951503e+01 -1,518951503e+01 -1,2777e+00 +3,6840e+00 +4,5870e-01 -4,4154e+00 -1,7029e+00 +2,0360e+00 -1,7308e+00 -2,7592e+00 +1,7273e+00 -1,4332e+00 +4,1547e+00 -2,3852e+00 +3,0855e-01 +2,9711e+00 +2,3977e+00 -1,9224e+00 +3,3614e-01 -2,2564e+00 -1,8152e+00 -3,8589e+00
% f evaluations | g evaluations | best noise-free fitness - Fopt | noise-free fitness - Fopt (-1,795400000000e+02) | measured fitness | best measured fitness | x1 | x2...
1 0 +2,213870475e+02 +2,213870475e+02 +4,184704750e+01 +4,184704750e+01 +3,4252e+00 -6,2792e-01 +3,7469e+00 +3,4263e+00 -4,2117e+00 +2,0317e+00 +4,3725e+00 -3,0377e+00 -4,6246e+00 +3,2143e+00 +7,2401e-01 -5,6510e-02 +3,9419e-01 +8,0752e-01 +4,7620e-01 +2,8119e+00 +2,2564e-01 -2,9705e+00 -4,8041e+00 -4,1927e+00
2 0 +1,798397883e+02 +1,798397883e+02 +2,997883283e-01 +2,997883283e-01 +4,9733e+00 +1,2877e+00 -2,0827e+00 +7,9550e-01 -2,3734e+00 -5,7023e-01 -4,1146e+00 -2,8378e+00 -3,7698e-01 +1,9904e+00 -1,6988e+00 -3,1004e+00 -2,7936e+00 +3,2281e+00 -1,2060e+00 -2,2636e+00 +1,6516e+00 +3,4977e+00 -3,6984e+00 +3,4428e+00
4 0 +6,571941647e+01 +6,571941647e+01 -1,138205835e+02 -1,138205835e+02 -2,5255e+00 +3,2732e+00 +2,8014e+00 -5,3181e-01 -4,7760e-01 +2,3215e+00 +2,5113e+00 +2,7144e+00 +3,0248e+00 -3,1673e+00 -3,3497e+00 +4,1788e+00 -7,1225e-01 -9,5887e-01 +6,8835e-01 +1,8179e+00 +4,9255e+00 +2,1056e-01 -2,5905e+00 -2,9508e+00
33 0 +3,945176931e+01 +3,945176931e+01 -1,400882307e+02 -1,400882307e+02 -2,6623e+00 +7,1107e-01 -3,2541e+00 +5,9456e-01 +4,6507e+00 +3,8612e-01 +7,8267e-03 +3,8527e+00 +3,1600e+00 +2,6471e+00 +3,1174e+00 -5,1394e-01 +5,7856e-01 +3,8642e+00 +1,8156e+00 +1,6517e+00 -1,3106e+00 +4,5451e+00 +1,1496e+00 +2,5624e+00
% f evaluations | g evaluations | best noise-free fitness - Fopt | noise-free fitness - Fopt (7,731000000000e+01) | measured fitness | best measured fitness | x1 | x2...
1 0 +2,837706980e+02 +2,837706980e+02 +3,610806980e+02 +3,610806980e+02 -3,2465e+00 +1,0059e+00 +2,4920e+00 +1,4598e+00 +1,6242e-01 -3,8911e+00 -4,0999e+00 -2,9891e+00 +3,2856e+00 +4,8541e-01 -4,7754e+00 +2,1392e+00 +4,3826e+00 -3,6525e+00 +2,6422e+00 -9,4478e-01 +3,0114e+00 -1,2801e+00 +3,9828e+00 -2,3148e+00
2 0 +1,530575634e+02 +1,530575634e+02 +2,303675634e+02 +2,303675634e+02 -4,0578e+00 -2,6285e-01 -4,3994e-01 +3,1040e+00 -4,3417e+00 -2,2373e+00 -3,4114e+00 +2,2216e+00 -1,7550e+00 -4,4243e+00 -4,7130e+00 +2,7411e+00 -3,4215e+00 +3,5582e+00 +3,1581e+00 +3,6288e+00 +2,9012e+00 -2,9298e+00 -1,6083e+00 -8,7996e-01
5 0 +1,469380579e+02 +1,469380579e+02 +2,242480579e+02 +2,242480579e+02 -4,8600e+00 -4,1467e+00 +2,8423e+00 -4,1945e+00 -3,0437e-01 -3,3020e+00 +1,6112e+00 -1,1308e+00 +2,6618e+00 -3,7546e+00 -1,0741e+00 +4,0898e+00 -4,1422e+00 -1,8172e+00 +2,1460e+00 +4,5965e+00 +4,5831e+00 +5,4465e-01 -3,2498e-02 +4,0607e+00
6 0 +1,313366487e+02 +1,313366487e+02 +2,086466487e+02 +2,086466487e+02 +2,1611e+00 -7,6242e-01 +4,0956e+00 -2,6567e-01 -4,5109e+00 +3,5265e+00 +3,1862e-01 -1,6934e+00 +2,4978e+00 -1,6078e+00 +8,0762e-01 -1,1127e+00 +2,7820e+00 +1,6085e+00 +3,1098e+00 +4,8962e+00 +2,0925e+00 -2,1121e+00 -9,9136e-01 +6,7062e-01
9 0 +1,171220114e+02 +1,171220114e+02 +1,944320114e+02 +1,944320114e+02 +1,4408e+00 -1,8445e+00 +2,4768e+00 -2,1702e+00 -4,9858e+00 -4,3683e+00 +6,5381e-01 -9,7206e-01 +1,3159e+00 -8,5643e-02 +2,1426e+00 +1,3152e+00 -9,7640e-01 -3,0851e+00 -3,9169e+00 +5,8072e-01 -3,2439e+00 +2,8346e+00 -3,3747e+00 +1,4400e+00
13 0 +1,068936010e+02 +1,068936010e+02 +1,842036010e+02 +1,842036010e+02 -2,8243e+00 +1,7117e-01 +2,9562e+00 -3,9512e+00 -4,4477e+00 +1,3812e+00 +4,4153e+00 -2,0687e+00 +5,0400e-01 -7,7056e-01 +3,9540e+00 -3,1560e+00 -3,5969e+00 +6,2391e-01 +5,7478e-01 +7,6342e-01 +2,8543e+00 +9,4423e-01 +3,1803e-01 -1,9216e+00
15 0 +9,301049076e+01 +9,301049076e+01 +1,703204908e+02 +1,703204908e+02 +3,0819e+00 -1,8494e+00 -3,8828e+00 +4,2038e+00 -3,4333e+00 -2,6286e+00 -1,9660e+00 +2,3070e+00 -2,6282e+00 -3,9353e-01 +3,6090e+00 -1,3928e+00 +2,3452e+00 +3,4783e+00 +3,9860e+00 -1,6283e+00 -4,6981e+00 +2,0333e+00 +4,4000e+00 -2,2575e+00
19 0 +5,731259230e+01 +5,731259230e+01 +1,346225923e+02 +1,346225923e+02 +4,9355e+00 +1,7660e+00 +4,1755e+00 +3,1897e+00 +1,7705e+00 -2,8925e+00 -1,7900e+00 -4,1917e+00 -3,3445e+00 -3,5840e-01 -3,8109e+00 +3,4021e+00 +4,9291e-01 +1,7153e+00 +4,2958e+00 +3,3012e+00 -1,9357e+00 -8,0446e-02 +3,8771e-01 +2,0141e+00
28 0 +4,053627355e+01 +4,053627355e+01 +1,178462735e+02 +1,178462735e+02 +3,6609e+00 -4,8438e+00 +1,1683e+00 -1,4273e-01 +4,7371e+00 -4,7623e+00 -5,4071e-01 -3,6111e+00 -1,8124e+00 +3,8400e+00 +3,3190e-01 +1,7628e+00 +3,1131e+00 -4,9542e-02 +5,0587e-01 -2,1943e+00 -4,9671e+00 +3,9873e-01 -8,6598e-01 +2,8545e+00
% f evaluations | g evaluations | best noise-free fitness - Fopt | noise-free fitness - Fopt (3,992000000000e+01) | measured fitness | best measured fitness | x1 | x2...
1 0 +2,123116363e+02 +2,123116363e+02 +2,522316363e+02 +2,522316363e+02 -3,7427e+00 -1,4423e+00 +2,7997e+00 -9,4925e-01 -4,9065e+00 +1,1757e+00 -3,2019e+00 -3,2076e+00 +8,0233e-01 +2,8395e+00 -1,4146e+00 -3,8710e+00 +9,8544e-01 -9,7409e-01 +5,2644e-01 +4,1708e+00 +2,2928e-02 -3,4467e+00 +3,6475e+00 -2,5709e+00
2 0 +9,607874752e+01 +9,607874752e+01 +1,359987475e+02 +1,359987475e+02 -3,0823e+00 +3,7901e+00 +1,3507e+00 -4,1103e+00 -1,1744e+00 +2,2400e+00 +4,2597e+00 -3,4828e-01 +3,0868e+00 -4,6095e+00 +5,5886e-01 -9,5815e-01 +2,1872e+00 +4,8991e+00 +1,0854e+00 -2,1644e+00 -3,2487e+00 -5,6924e-02 -2,6160e+00 +4,4980e+00
5 0 +8,203247833e+01 +8,203247833e+01 +1,219524783e+02 +1,219524783e+02 +2,0908e-01 +4,9857e+00 -1,6737e+00 +4,3072e+00 -1,1460e-01 +3,2252e+00 +1,9341e+00 -2,4928e+00 +1,1413e+00 +4,0537e-01 +3,6613e+00 +1,9260e-01 -8,0346e-01 -1,1168e+00 -4,2719e+00 +2,5504e+00 -4,1906e+00 +4,0852e-01 +2,9545e+00 -2,9285e+00
15 0 +6,547325583e+01 +6,547325583e+01 +1,053932558e+02 +1,053932558e+02 +3,8532e-01 -1,0668e+00 +6,6368e-01 -3,3138e+00 +1,3664e+00 +3,2786e+00 -4,9999e+00 -4,5117e+00 +2,4515e+00 +3,9798e+00 +4,9160e-01 +6,9000e-02 +5,0957e-01 +1,2689e+00 -1,3213e+00 -3,7350e+00 +4,8523e+00 -1,8345e+00 -2,6373e+00 -1,5621e+00
17 0 +5,172818492e+01 +5,172818492e+01 +9,164818492e+01 +9,164818492e+01 +2,6665e+00 -4,5248e+00 +4,7791e+00 -4,8166e+00 +1,3353e+00 -2,2047e+00 +3,1517e+00 +3,9987e+00 +1,6593e+00 +1,3232e+00 +1,5984e+00 -3,9919e+00 +3,0277e+00 +3,5127e+00 -2,6121e+00 +1,0137e+00 -4,9258e+00 +5,5914e-01 -3,1021e+00 +7,2332e-01
% f evaluations | g evaluations | best noise-free fitness - Fopt | noise-free fitness - Fopt (-5,661000000000e+01) | measured fitness | best measured fitness | x1 | x2...
1 0 +1,344078323e+02 +1,344078323e+02 +7,779783233e+01 +7,779783233e+01 -1,3778e+00 +3,6003e+00 -1,6643e+00 +4,9600e+00 -4,6609e+00 +3,7878e-01 +4,9499e+00 -4,2382e+00 +2,3791e+00 +3,7516e+00 +3,4506e+00 -1,4955e+00 +3,3840e+00 +1,6590e+00 +1,7495e+00 -3,5218e+00 +3,8931e-01 +3,9906e+00 -4,3640e-02 +2,3593e+00
8 0 +8,273288130e+01 +8,273288130e+01 +2,612288130e+01 +2,612288130e+01 +3,4776e+00 +2,4513e+00 +4,8781e+00 +2,0759e+00 +3,8830e+00 +4,2446e+00 -1,6826e+00 -4,6907e+00 -2,8455e+00 -4,1875e+00 -4,3356e+00 +1,2144e+00 -4,1331e-01 +4,3504e+00 +4,7878e+00 -3,7567e+00 -3,9436e+00 +3,5923e+00 +4,9350e+00 -3,3625e+00
15 0 +7,554715635e+01 +7,554715635e+01 +1,893715635e+01 +1,893715635e+01 -4,0345e+00 -7,4309e-01 +4,3384e+00 -4,0081e+00 +3,1665e+00 -1,5425e+00 -2,8759e+00 -1,2048e-01 -1,5525e+00 +3,1067e+00 -4,7037e+00 +3,3909e+00 -4,7225e+00 -1,3120e+00 +4,4506e+00 +2,5420e+00 -2,2965e+00 -1,1260e+00 -1,9599e+00 +2,1584e+00
19 0 +6,954222513e+01 +6,954222513e+01 +1,293222513e+01 +1,293222513e+01 -4,6872e+00 +3,3404e+00 +2,1884e+00 -2,4329e-01 -4,5584e+00 +4,3982e+00 +1,2283e+00 +8,2355e-01 +1,9538e+00 +2,7703e+00 -3,4576e+00 +3,8761e+00 -4,0300e-01 +4,0492e-01 +1,3780e+00 +5,6131e-02 -4,3512e+00 -2,0125e+00 +4,9417e+00 -1,4094e+00
% f evaluations | g evaluations | best noise-free fitness - Fopt | noise-free fitness - Fopt (3,270000000000e+01) | measured fitness | best measured fitness | x1 | x2...
1 0 +1,630232218e+02 +1,630232218e+02 +1,957232218e+02 +1,957232218e+02 -3,0027e+00 +3,7702e+00 +2,6018e+00 +9,0471e-01 +4,5384e+00 -2,5342e+00 +1,2239e-01 +1,9030e+00 +2,0901e+00 -4,5324e+00 -2,1600e+00 +1,7161e+00 -3,1103e-01 +3,8873e+00 +4,9513e-01 -4,5055e+00 +4,2980e+00 -4,4971e+00 +3,7228e-01 +5,8985e-01
2 0 +1,451772089e+02 +1,451772089e+02 +1,778772089e+02 +1,778772089e+02 -1,7873e+00 -4,7939e+00 -4,3297e+00 -2,9876e+00 -1,2771e+00 +4,3138e+00 -1,5353e+00 +1,4563e+00 +3,8797e+00 +2,9080e+00 +1,1575e+00 +1,5823e+00 -4,1747e+00 -1,4379e+00 +2,0424e-01 +9,7039e-01 -1,1807e+00 +5,5957e-01 -1,4112e-01 -4,5631e+00
3 0 +1,029343429e+02 +1,029343429e+02 +1,356343429e+02 +1,356343429e+02 +3,8301e+00 +1,0298e+00 -3,3002e+00 -1,7429e+00 -4,6397e+00 -1,7020e+00 -2,2237e+00 -4,7591e+00 -9,6524e-01 +3,1897e+00 +1,3597e+00 +5,8303e-01 +4,0411e-01 -3,9697e+00 -5,1277e-01 +9,3880e-01 -3,5953e+00 +6,4423e-01 -4,2450e+00 -1,7258e+00
7 0 +7,534655035e+01 +7,534655035e+01 +1,080465503e+02 +1,080465503e+02 -2,8117e+00 -4,5462e+00 -2,6098e+00 -4,2854e+00 +2,3201e+00 -2,5790e-01 +2,3431e+00 +1,3908e+00 +3,6329e+00 +3,3331e+00 -3,4180e+00 +3,6517e+00 -1,1892e+00 +8,8669e-01 +2,7405e+00 +2,1919e+00 -2,9369e+00 +1,3668e+00 -2,5002e+00 +1,1654e+00
15 0 +5,980157229e+01 +5,980157229e+01 +9,250157229e+01 +9,250157229e+01 +4,3139e+00 +3,8008e+00 -1,0093e+00 +4,3843e-01 -4,1013e+00 -4,8446e+00 -4,0034e+00 +4,2905e+00 +1,4007e+00 +2,7432e-01 +1,6145e-01 -2,9966e+00 +8,1303e-01 -2,7703e+00 -4,5955e+00 +9,6838e-01 -3,7177e+00 -3,2449e+00 -2,1923e+00 +4,8376e+00
27 0 +5,136715584e+01 +5,136715584e+01 +8,406715584e+01 +8,406715584e+01 -3,3829e+00 -4,0900e+00 +2,2867e+00 -5,5102e-01 -2,6770e-01 +4,5766e+00 -3,7209e+00 -3,5010e+00 +2,6050e+00 -2,6633e+00 -3,5516e+00 -2,5685e+00 -2,6265e+00 -2,0953e+00 -2,1896e-01 -1,0353e+00 +4,6525e+00 -4,2073e+00 -2,8563e+00 +3,9548e+00
32 0 +2,723308896e+01 +2,723308896e+01 +5,993308896e+01 +5,993308896e+01 -4,1232e+00 -3,5987e+00 -6,3556e-01 +1,2946e+00 -3,7439e+00 +1,7077e+00 -9,5244e-01 +4,2305e+00 +2,3535e+00 +4,4364e+00 -2,1038e+00 +6,8104e-01 +4,9340e+00 -8,7294e-01 +1,7456e-01 -4,6669e+00 -1,5141e+00 -2,3496e+00 +3,2933e+00 +2,4962e+00
% f evaluations | g evaluations | best noise-free fitness - Fopt | noise-free fitness - Fopt (-3,943000000000e+01) | measured fitness | best measured fitness | x1 | x2...
1 0 +3,307718229e+02 +3,307718229e+02 +2,913418229e+02 +2,913418229e+02 -1,1427e+00 +3,2071e+00 +7,8281e-02 -3,4707e+00 +2,1368e+00 -1,2125e+00 -8,2959e-01 +3,2618e+00 -3,8369e-01 +2,5693e+00 +4,4166e+00 +2,1694e+00 -2,0108e+00 -2,6974e+00 +8,4052e-01 -3,4075e+00 -2,8934e+00 +3,2606e+00 +1,4470e+00 +2,2485e+00
2 0 +1,644405090e+02 +1,644405090e+02 +1,250105090e+02 +1,250105090e+02 -2,9872e+00 +3,0176e+00 -2,6365e+00 -2,5647e+00 -1,2883e+00 -3,9819e+00 -3,5083e+00 +4,4895e+00 -4,7536e-01 +3,7480e+00 +1,8314e+00 -2,9192e+00 +3,0170e+00 -1,9986e+00 +3,0299e+00 +4,1460e+00 +1,6413e+00 -2,0069e+00 +1,1664e+00 +4,0471e+00
5 0 +1,140906960e+02 +1,140906960e+02 +7,466069599e+01 +7,466069599e+01 -1,9075e+00 +3,0267e+00 -9,6844e-01 -7,7107e-01 -2,1166e+00 -4,7993e-01 +2,7117e+00 -3,9384e+00 +2,5119e+00 +4,7611e+00 -4,8949e-01 -1,7092e+00 -2,0288e+00 +3,1322e-01 -3,8095e+00 +2,2604e+00 -3,6236e+00 +2,0824e+00 -1,8317e+00 -3,4589e+00
7 0 +9,749906441e+01 +9,749906441e+01 +5,806906441e+01 +5,806906441e+01 +3,8141e+00 -2,0010e+00 +3,2136e+00 -3,6267e+00 -9,5253e-01 -8,1636e-01 -3,6021e+00 -4,0587e+00 -5,8646e-02 -6,5443e-01 -3,2148e+00 +1,7978e+00 -3,9490e+00 -3,5355e+00 +4,1874e+00 -2,8875e+00 -4,6519e+00 +1,6155e+00 -3,5023e+00 +4,7611e+00
17 0 +9,179325779e+01 +9,179325779e+01 +5,236325779e+01 +5,236325779e+01 +1,7496e+00 +4,7222e+00 +1,4529e+00 -4,6363e+00 +4,1128e+00 +4,4650e+00 +8,0143e-02 -1,9541e+00 +4,5594e-01 +4,5071e+00 -1,6185e+00 -1,6911e+00 +1,0576e+00 +9,9207e-01 +1,8979e+00 +1,3964e+00 -2,2293e-01 +4,8246e+00 +1,9268e+00 -3,7636e+00
23 0 +8,367919181e+01 +8,367919181e+01 +4,424919181e+01 +4,424919181e+01 -1,1453e-01 +2,7945e+00 +1,9479e-01 -2,2275e+00 -5,8593e-01 -4,8388e+00 -4,8673e-01 -2,6337e+00 +3,2285e+00 -4,9686e+00 +1,7589e-01 -3,0868e+00 +3,9598e+00 -4,4466e+00 +1,5845e+00 +2,6885e-01 -1,2752e+00 -1,4231e+00 +1,9442e+00 +4,6501e+00
34 0 +4,169481752e+01 +4,169481752e+01 +2,264817518e+00 +2,264817518e+00 +3,0639e+00 -4,4201e+00 +4,1084e+00 +4,1422e+00 -2,2881e+00 +1,4456e-01 +1,5285e+00 +1,8584e+00 -4,6890e+00 +2,5534e+00 -3,1721e+00 -2,2466e+00 -4,8811e+00 +1,3116e+00 -2,9146e+00 +2,7525e+00 +5,0268e-01 +2,6193e-01 -2,1273e+00 +4,8087e+00
% f evaluations | g evaluations | best noise-free fitness - Fopt | noise-free fitness - Fopt (4,197200000000e+02) | measured fitness | best measured fitness | x1 | x2...
1 0 +1,556328999e+02 +1,556328999e+02 +5,753528999e+02 +5,753528999e+02 -3,6370e+00 -4,5067e+00 -1,3350e-01 -3,1240e+00 +2,8092e+00 -2,2005e+00 +3,7422e+00 +1,9796e+00 -1,2680e+00 -1,9612e+00 +2,2541e+00 +8,2080e-01 +3,9007e+00 +3,0746e+00 +2,5863e+00 -1,8415e+00 -4,0466e+00 -3,6768e+00 -1,2862e+00 +3,1978e+00
2 0 +1,026264244e+02 +1,026264244e+02 +5,223464244e+02 +5,223464244e+02 +1,6287e+00 -3,6669e+00 +2,9432e+00 +5,7357e-01 -2,6736e+00 +4,2111e+00 -1,9919e+00 -1,5979e+00 -4,1256e+00 +2,3461e+00 +3,1455e+00 -4,1273e+00 -2,0072e+00 +1,0647e+00 +2,4721e+00 +1,5730e+00 -2,3800e+00 -4,3895e+00 +2,9365e+00 -9,7722e-01
8 0 +4,104767617e+01 +4,104767617e+01 +4,607676762e+02 +4,607676762e+02 +1,2927e+00 -6,6905e-01 -1,3272e+00 +2,2707e+00 +2,5316e+00 -7,0898e-01 -1,1615e+00 +1,5409e+00 +1,1530e-01 +1,9825e+00 -3,8730e+00 -2,1221e+00 +2,4462e+00 -4,7052e+00 +2,9646e+00 -3,8737e-01 -1,4919e+00 -3,1596e+00 +3,6984e+00 +3,6583e+00
% f evaluations | g evaluations | best noise-free fitness - Fopt | noise-free fitness - Fopt (7,640000000000e+00) | measured fitness | best measured fitness | x1 | x2...
1 0 +8,959006977e+01 +8,959006977e+01 +9,723006977e+01 +9,723006977e+01 -7,7685e-01 -9,0674e-01 +1,8317e+00 +2,3556e+00 -1,6158e+00 +2,0645e+00 +4,8421e-01 +8,2620e-01 -1,7092e+00 +1,8226e+00 +1,1043e+00 -3,7272e+00 +6,1527e-01 +2,0782e+00 -4,1330e-01 +1,2511e+00 -1,1302e+00 +2,3285e+00 -9,1998e-01 +1,2559e+00
37 0 +7,911052507e+01 +7,911052507e+01 +8,675052507e+01 +8,675052507e+01 +3,5324e+00 +2,9948e-01 +4,0845e-01 +1,6024e-01 -3,9135e+00 -6,7040e-01 +1,5476e+00 +1,6656e-01 -8,6777e-01 +3,6948e+00 -1,2089e-01 -8,3221e-01 +9,1878e-01 -3,5044e+00 +6,5217e-01 +4,3396e+00 -3,0389e+00 +3,4883e+00 +1,4644e+00 +7,0059e-01
% f evaluations | g evaluations | best noise-free fitness - Fopt | noise-free fitness - Fopt (-1,276800000000e+02) | measured fitness | best measured fitness | x1 | x2...
1 0 +1,324405042e+02 +1,324405042e+02 +4,760504212e+00 +4,760504212e+00 +5,5634e-02 -4,7071e+00 -4,7547e+00 +1,2179e+00 +2,2674e+00 +2,7541e+00 +3,7466e+00 +2,2333e+00 -4,2876e+00 +1,8962e+00 -1,8350e+00 +3,7024e-01 +1,4494e+00 -2,4794e+00 +5,7943e-01 +1,7590e+00 -3,6094e+00 +1,6820e+00 -4,2803e+00 +4,9171e+00
2 0 +1,231140554e+02 +1,231140554e+02 -4,565944597e+00 -4,565944597e+00 -3,7314e-01 +3,2885e+00 +4,1945e+00 -3,6008e+00 -1,3489e+00 -9,6522e-01 -2,6513e-01 -4,8375e-01 +4,3917e+00 +1,3986e+00 -1,5879e+00 +4,3762e+00 +5,7669e-01 -1,3820e+00 -2,3195e+00 +1,2225e+00 -1,3756e+00 +2,3202e+00 -2,9492e+00 -6,7442e-01
10 0 +1,209902054e+02 +1,209902054e+02 -6,689794621e+00 -6,689794621e+00 -4,2188e+00 -2,8182e+00 +3,9475e+00 +4,1588e+00 +1,5314e+00 +2,3922e+00 -1,8682e+00 +2,2101e+00 -3,6846e+00 -2,5304e+00 +3,4242e+00 -1,7668e+00 -7,9866e-01 -3,4643e+00 +8,2871e-01 +3,7321e+00 +1,6710e+00 -3,4554e-01 +8,4918e-01 +1,5898e+00
26 0 +9,652470413e+01 +9,652470413e+01 -3,115529587e+01 -3,115529587e+01 -1,2741e+00 +2,0328e+00 -2,3398e+00 +1,7805e+00 -1,8837e+00 +2,1256e+00 +4,1270e+00 +2,8968e+00 -9,6384e-01 +4,1410e+00 +2,9757e+00 -2,0256e+00 +2,4767e+00 -4,3512e+00 -1,5453e-01 -4,7304e+00 -4,0969e+00 +6,3623e-01 -2,8987e+00 +5,7667e-01
30 0 +4,003029928e+01 +4,003029928e+01 -8,764970072e+01 -8,764970072e+01 -3,7819e-01 -5,7758e-01 -1,1620e+00 +1,0047e+00 -2,7698e+00 -3,0664e+00 -3,4132e+00 -1,0909e+00 +3,5006e+00 +3,1301e+00 +4,4089e+00 -3,1270e+00 +1,1067e+00 +1,1406e+00 +3,7034e+00 -1,0848e+00 -4,0656e-01 -2,7727e+00 -1,1173e+00 +7,3623e-01
% f evaluations | g evaluations | best noise-free fitness - Fopt | noise-free fitness - Fopt (-3,650000000000e+01) | measured fitness | best measured fitness | x1 | x2...
1 0 +2,251472950e+02 +2,251472950e+02 +1,886472950e+02 +1,886472950e+02 +2,2488e+00 -1,3608e+00 -7,2122e-02 +4,5231e+00 -3,6340e+00 -3,3493e+00 +7,8770e-01 -1,7266e-01 +2,9687e+00 -2,1712e+00 -2,6524e+00 -3,7045e+00 +4,8931e+00 +6,7483e-02 +2,5160e+00 -4,9408e+00 -4,3339e+00 +4,2467e+00 -4,5338e+00 +4,5723e+00
2 0 +5,144075264e+01 +5,144075264e+01 +1,494075264e+01 +1,494075264e+01 -3,2743e+00 +1,0526e+00 -4,8499e+00 +1,4625e-01 -4,8605e-01 +2,5604e+00 -7,5246e-01 -3,2572e+00 -2,6322e+00 -4,0486e+00 -1,2273e+00 +1,1680e+00 +1,2452e+00 -1,5776e+00 +9,5619e-01 -3,9683e+00 +1,4980e+00 -4,4015e+00 -5,2747e-01 +6,2088e-01
9 0 +4,205864704e+01 +4,205864704e+01 +5,558647035e+00 +5,558647035e+00 -1,5923e-01 -1,2071e+00 +1,0002e+00 +4,0245e+00 +3,2295e+00 +2,9538e+00 +1,1076e+00 -1,0060e+00 -2,6642e+00 +3,7219e+00 -2,0438e+00 +2,6623e+00 +1,4700e+00 +2,0923e+00 -2,2308e+00 -3,4903e+00 +3,9683e+00 -2,7607e-01 -2,0881e+00 +2,5028e+00
22 0 +3,248058540e+01 +3,248058540e+01 -4,019414604e+00 -4,019414604e+00 -1,7392e+00 -3,7932e+00 -2,0190e+00 +1,8494e+00 -2,8318e+00 +1,2996e+00 +3,5689e+00 +6,4627e-01 +8,1095e-01 -4,8456e+00 +1,6326e+00 -2,2468e+00 +3,6781e-01 +3,8385e+00 -2,8294e+00 -3,2469e+00 -4,4032e+00 -1,4183e+00 -4,8014e+00 -2,3858e+00
% f evaluations | g evaluations | best noise-free fitness - Fopt | noise-free fitness - Fopt (1,728700000000e+02) | measured fitness | best measured fitness | x1 | x2...
1 0 +3,655540622e+01 +3,655540622e+01 +2,094254062e+02 +2,094254062e+02 +3,2263e-01 -1,2047e-01 -1,0884e-01 +3,6115e+00 +5,1185e-01 +6,4933e-01 -5,2023e-01 +2,4631e+00 -4,9300e+00 -3,1524e+00 +1,0442e+00 -8,3551e-01 +2,1588e+00 -4,5291e+00 -3,6083e+00 +3,1755e+00 -2,9272e+00 -1,4677e+00 -1,2955e+00 -3,7697e+00
35 0 +3,473125355e+01 +3,473125355e+01 +2,076012536e+02 +2,076012536e+02 +2,7050e+00 -2,5392e+00 +3,2156e+00 -2,0062e+00 +2,0452e+00 -6,7875e-01 -1,9194e-01 +7,3331e-01 +7,1146e-01 -2,4923e+00 -2,2757e+00 +5,4756e-01 +4,6880e+00 +7,2042e-01 -7,7206e-01 -3,8891e+00 -2,0139e+00 +1,0804e+00 -9,6364e-01 -4,4088e+00
% f evaluations | g evaluations | best noise-free fitness - Fopt | noise-free fitness - Fopt (1,577200000000e+02) | measured fitness | best measured fitness | x1 | x2...
1 0 +2,208484076e+02 +2,208484076e+02 +3,785684076e+02 +3,785684076e+02 +2,7905e+00 +1,4012e+00 -5,1886e-01 +7,5284e-02 +4,3858e+00 -1,2399e+00 -1,4865e+00 +7,5671e-01 +1,0513e+00 +2,4019e+00 +4,3959e+00 -8,7757e-01 -2,7698e+00 +4,6956e+00 -4,4245e+00 +4,4364e+00 +3,3254e+00 +3,3845e+00 +1,7642e+00 -2,2621e+00
4 0 +1,116320183e+02 +1,116320183e+02 +2,693520183e+02 +2,693520183e+02 +3,8328e+00 -3,5504e+00 +3,0934e+00 +8,7459e-01 -2,1936e+00 -4,3136e+00 -3,6703e+00 -4,7652e+00 +3,7015e+00 +2,9825e+00 +2,7787e+00 -2,4557e+00 -1,3065e+00 +4,2597e+00 -4,6659e-01 +4,8639e+00 -9,5713e-01 -4,6573e+00 +1,5050e+00 -2,4589e+00
8 0 +8,043424396e+01 +8,043424396e+01 +2,381542440e+02 +2,381542440e+02 -1,8960e+00 -2,5914e+00 -1,4658e+00 +4,1891e+00 +3,5276e-01 +2,5115e+00 -3,3817e+00 +6,1806e-01 +2,6465e+00 +4,1694e+00 -8,1371e-01 -7,1699e-01 -2,0492e+00 -3,9717e+00 +3,8805e+00 +2,5782e+00 -3,9038e+00 +2,9380e+00 +2,3868e+00 +3,8068e+00
27 0 +6,338102789e+01 +6,338102789e+01 +2,211010279e+02 +2,211010279e+02 +4,4153e+00 -2,9871e-01 +3,4809e+00 +4,8140e+00 +8,4199e-01 -2,4988e+00 +3,2995e+00 -1,9488e+00 +2,9683e+00 +3,5172e+00 -3,4423e+00 +4,4767e+00 -3,6795e+00 +3,1880e+00 -4,1325e+00 -1,8644e+00 +4,9634e-01 +3,4890e+00 +4,4363e+00 +4,1800e-02
30 0 +5,989626285e+01 +5,989626285e+01 +2,176162628e+02 +2,176162628e+02 -5,9076e-01 -3,4984e-01 +4,9835e+00 -1,3953e+00 +4,1225e+00 -1,9018e-02 +3,9000e+00 +2,9139e-01 +4,3886e+00 +2,8158e+00 -2,2488e+00 -4,1521e+00 +2,9389e+00 -1,8678e+00 +4,9581e+00 -1,4199e+00 -3,7106e+00 -1,7165e+00 +1,7787e+00 +3,1823e+00
% f evaluations | g evaluations | best noise-free fitness - Fopt | noise-free fitness - Fopt (2,819000000000e+01) | measured fitness | best measured fitness | x1 | x2...
1 0 +3,462459905e+02 +3,462459905e+02 +3,744359905e+02 +3,744359905e+02 -2,4801e+00 -4,8291e+00 +2,0204e+00 -1,7717e+00 +1,9412e+00 +1,6096e+00 +1,0352e-01 -3,8813e+00 -2,5408e+00 -4,7717e+00 +2,0596e+00 -3,0607e+00 -5,8920e-01 -3,4538e+00 -3,3594e+00 -4,3666e+00 +1,0874e+00 +2,1749e+00 +1,8118e+00 -2,4989e+00
2 0 +8,944213135e+01 +8,944213135e+01 +1,176321314e+02 +1,176321314e+02 -2,9589e+00 +1,3268e-01 -3,1005e+00 -4,3958e+00 +4,9329e+00 -1,0364e+00 +3,1780e+00 +7,4073e-01 -1,1054e+00 +2,9517e+00 -8,2034e-02 +3,8076e+00 +3,9903e+00 +4,9124e+00 +2,8082e+00 +4,0861e+00 -2,9668e+00 -1,2062e+00 -4,3808e+00 -2,7291e+00
5 0 +7,203502638e+01 +7,203502638e+01 +1,002250264e+02 +1,002250264e+02 -2,5610e+00 +1,4032e+00 +3,9266e+00 +2,3828e+00 +1,7255e+00 +9,5894e-01 -3,3088e+00 +2,9462e+00 -1,8144e+00 +2,4507e+00 -2,9999e+00 -3,4327e+00 +4,3785e+00 +3,2835e+00 -8,3262e-01 -2,9847e-01 +6,5912e-01 -3,6576e+00 +1,2576e+00 -2,2544e+00
9 0 +6,389921175e+01 +6,389921175e+01 +9,208921175e+01 +9,208921175e+01 +2,1817e+00 -3,5527e+00 -4,1209e+00 -2,4697e-01 +3,9225e+00 +1,6083e+00 -8,6209e-01 +1,1376e+00 -4,4295e+00 +7,2522e-01 -2,5818e+00 +6,7373e-01 +4,2770e+00 -1,8266e+00 +4,2140e+00 -2,8273e+00 -2,8050e+00 -3,3740e+00 +4,7581e+00 -4,2723e+00
11 0 +3,290486643e+01 +3,290486643e+01 +6,109486643e+01 +6,109486643e+01 -4,8292e+00 -3,0327e+00 -4,4172e+00 +2,2870e-02 -1,1588e-01 -4,4198e+00 +4,6278e+00 -1,2322e+00 -2,3717e+00 +4,6579e+00 -1,8123e+00 -8,7998e-01 +3,2424e+00 -4,5665e+00 +4,7113e+00 -5,9912e-02 -4,8836e+00 -5,6294e-01 +4,6127e+00 +3,6618e+00
% f evaluations | g evaluations | best noise-free fitness - Fopt | noise-free fitness - Fopt (-9,925000000000e+01) | measured fitness | best measured fitness | x1 | x2...
1 0 +1,875650881e+02 +1,875650881e+02 +8,831508809e+01 +8,831508809e+01 -4,0571e-01 +3,1741e+00 +9,5058e-01 +7,7256e-02 -1,6719e+00 -1,5569e+00 -4,8069e+00 +2,2876e+00 +4,3375e+00 -3,0856e+00 -2,5238e+00 +2,1058e+00 -1,6269e+00 +2,7943e+00 +2,6939e+00 -3,3207e+00 -4,9170e+00 -5,1004e-01 +4,2434e+00 -4,2947e+00
3 0 +1,508914706e+02 +1,508914706e+02 +5,164147059e+01 +5,164147059e+01 -4,9109e+00 +1,6911e+00 -4,6206e+00 +9,9212e-01 +7,3363e-01 +3,4514e+00 +4,4269e+00 +2,8050e+00 +1,7300e+00 +2,9126e+00 +2,3988e+00 +4,2715e-01 -2,6343e+00 +3,1620e+00 +1,1274e+00 -3,9098e+00 +1,9020e+00 -8,1658e-01 -2,8903e+00 +4,2492e-01
7 0 +1,332574480e+02 +1,332574480e+02 +3,400744804e+01 +3,400744804e+01 +4,5962e-01 -3,6240e+00 +3,2045e+00 +4,0885e+00 -9,6441e-02 +3,3043e-01 -1,4767e+00 +8,6577e-01 +5,4720e-01 -3,6619e+00 -4,3819e+00 +1,2961e+00 +4,3745e+00 +3,5928e+00 -1,2787e+00 -1,9465e+00 -2,9786e+00 -2,4994e+00 -3,8399e+00 -2,8045e-01
8 0 +6,013670416e+01 +6,013670416e+01 -3,911329584e+01 -3,911329584e+01 +4,4245e+00 +2,1328e+00 -1,7661e+00 -2,2781e+00 +2,3122e+00 -9,5758e-01 +5,5692e-01 -5,1493e-01 +3,0546e+00 -3,2553e+00 +1,1178e+00 -3,1903e+00 -4,6257e+00 +3,7324e+00 +3,5749e+00 +1,5904e+00 +2,4683e+00 -1,9822e+00 -2,3646e+00 +6,4229e-01
32 0 +4,298879409e+01 +4,298879409e+01 -5,626120591e+01 -5,626120591e+01 +3,3266e+00 -4,1645e+00 +1,3840e+00 +3,1479e+00 +3,7253e-01 +4,3068e+00 -8,2289e-01 -2,8221e-01 +4,7404e+00 -2,0544e+00 +3,8106e+00 -2,4794e+00 -9,8129e-01 +9,0472e-01 +2,0001e+00 +1,6219e+00 -2,2666e+00 +3,5720e-01 +5,6437e-01 +1,3251e+00
