% f evaluations | g evaluations | best noise-free fitness - Fopt | noise-free fitness - Fopt (-5,235000000000e+01) | measured fitness | best measured fitness | x1 | x2...
1 0 +1,401511134e+02 +1,401511134e+02 +8,780111342e+01 +8,780111342e+01 +4,2163e+00 -4,3769e+00 +1,2488e+00 -1,2419e+00 +3,0775e+00 +3,0486e+00 -3,2922e+00 -3,0582e+00 -2,0562e+00 +4,1199e+00
6 0 +6,608615356e+01 +6,608615356e+01 +1,373615356e+01 +1,373615356e+01 +3,9140e+00 -3,8096e+00 -3,0068e+00 -3,0434e+00 -1,7822e+00 +9,7053e-01 -4,7771e+00 -2,6216e+00 -1,2463e+00 -2,2716e-01
9 0 +2,296842537e+01 +2,296842537e+01 -2,938157463e+01 -2,938157463e+01 -1,1500e+00 +1,5112e+00 +3,2524e+00 -2,2091e+00 -1,5817e+00 +2,3023e+00 -4,2376e+00 +1,9059e+00 +2,7377e+00 +4,6992e+00
% f evaluations | g evaluations | best noise-free fitness - Fopt | noise-free fitness - Fopt (-1,795400000000e+02) | measured fitness | best measured fitness | x1 | x2...
1 0 +1,834317635e+02 +1,834317635e+02 +3,891763504e+00 +3,891763504e+00 +2,3211e+00 +1,0394e+00 +1,3581e+00 -8,0017e-01 +2,4756e+00 -1,7601e-01 +3,6684e+00 -2,1435e+00 +2,5368e+00 +3,9902e+00
4 0 +4,865109399e+01 +4,865109399e+01 -1,308889060e+02 -1,308889060e+02 +2,5600e+00 -2,5060e-01 -3,4431e+00 -2,2423e+00 +3,9620e+00 +4,1727e+00 -2,5026e+00 +2,3585e+00 +3,1820e+00 -8,6956e-01
11 0 +4,640561505e+01 +4,640561505e+01 -1,331343849e+02 -1,331343849e+02 -2,3448e+00 -4,7432e+00 +4,1542e+00 +3,6553e+00 -6,3307e-01 -1,2838e+00 +1,0849e+00 -5,0669e-01 +2,1843e-01 -3,2047e+00
17 0 +3,680246710e+01 +3,680246710e+01 -1,427375329e+02 -1,427375329e+02 +2,9812e-01 -4,3823e+00 +8,1841e-01 +4,6962e+00 +2,5661e+00 +9,9742e-01 +3,9908e+00 +1,3207e+00 -9,7705e-01 -3,4879e+00
% f evaluations | g evaluations | best noise-free fitness - Fopt | noise-free fitness - Fopt (7,731000000000e+01) | measured fitness | best measured fitness | x1 | x2...
1 0 +1,433464444e+02 +1,433464444e+02 +2,206564444e+02 +2,206564444e+02 -2,6325e+00 -5,3689e-01 -2,2710e+00 -4,2799e+00 -4,0468e-01 -3,7243e+00 -4,0129e+00 -3,6321e-01 +1,3329e+00 -2,8564e+00
2 0 +5,614185954e+01 +5,614185954e+01 +1,334518595e+02 +1,334518595e+02 -2,4465e+00 +2,1451e+00 +2,9785e+00 +1,4553e+00 +3,6628e+00 +2,3981e+00 +4,1187e+00 -3,1315e+00 -8,3451e-01 +4,9075e+00
4 0 +3,573821388e+01 +3,573821388e+01 +1,130482139e+02 +1,130482139e+02 +1,7875e+00 -4,2538e-01 +3,9142e+00 -4,3036e+00 +1,7029e-01 -3,1417e+00 -1,3085e-01 -3,9108e+00 +9,3703e-01 +2,2285e+00
16 0 +3,231065413e+01 +3,231065413e+01 +1,096206541e+02 +1,096206541e+02 -4,2228e+00 +2,8376e+00 -4,3894e+00 -8,5173e-03 +7,8472e-01 -1,4713e+00 -4,4826e+00 +5,0725e-01 +3,2104e-02 +2,4735e+00
% f evaluations | g evaluations | best noise-free fitness - Fopt | noise-free fitness - Fopt (3,992000000000e+01) | measured fitness | best measured fitness | x1 | x2...
1 0 +5,503957805e+01 +5,503957805e+01 +9,495957805e+01 +9,495957805e+01 -2,9835e+00 -4,5757e+00 +4,9809e+00 -2,4492e+00 +9,6010e-01 +4,1600e+00 -1,9358e+00 +2,4653e+00 +4,4493e+00 -3,6125e+00
2 0 +3,868978603e+01 +3,868978603e+01 +7,860978603e+01 +7,860978603e+01 -6,4814e-02 -4,3075e+00 +4,6483e+00 -1,9966e+00 -1,0017e+00 +2,8466e+00 +3,0042e+00 -1,2022e+00 -3,9918e+00 +2,0232e+00
4 0 +1,995548965e+01 +1,995548965e+01 +5,987548965e+01 +5,987548965e+01 -2,1138e+00 -2,5900e+00 +2,6244e+00 +1,3481e+00 -4,9384e+00 +4,7110e+00 -6,4748e-01 +6,8183e-01 +2,3892e+00 +6,4966e-01
7 0 +1,191388887e+01 +1,191388887e+01 +5,183388887e+01 +5,183388887e+01 -2,7149e+00 -1,8430e+00 +4,5308e+00 -3,4851e+00 +4,8717e-02 +2,3991e+00 +6,8976e-01 -3,3463e+00 +1,5458e+00 +3,3297e+00
% f evaluations | g evaluations | best noise-free fitness - Fopt | noise-free fitness - Fopt (-5,661000000000e+01) | measured fitness | best measured fitness | x1 | x2...
1 0 +5,198499877e+01 +5,198499877e+01 -4,625001234e+00 -4,625001234e+00 +3,5758e+00 +1,7680e+00 -5,5916e-01 +3,3228e+00 -7,9008e-01 +3,3098e-01 +3,1440e+00 -3,4169e+00 -4,8994e+00 +3,2706e+00
4 0 +4,906969460e+01 +4,906969460e+01 -7,540305398e+00 -7,540305398e+00 +4,0559e+00 -4,1301e+00 +4,8391e+00 +7,3559e-01 +2,2658e+00 -2,0181e+00 +4,9679e+00 -4,4581e+00 -1,7579e+00 +2,1022e+00
% f evaluations | g evaluations | best noise-free fitness - Fopt | noise-free fitness - Fopt (3,270000000000e+01) | measured fitness | best measured fitness | x1 | x2...
1 0 +5,395705473e+02 +5,395705473e+02 +5,722705473e+02 +5,722705473e+02 +1,9967e+00 +1,3233e+00 -3,4382e+00 +2,7641e+00 -2,6235e+00 +2,9644e-01 -2,2987e+00 +6,6374e-01 -3,7054e+00 +3,4948e+00
2 0 +1,171015761e+02 +1,171015761e+02 +1,498015761e+02 +1,498015761e+02 +3,7902e+00 -6,3031e-01 +2,0365e+00 +2,9446e+00 -1,3899e+00 -3,0825e+00 -2,7034e+00 +3,1750e+00 -1,4070e-01 -4,3809e+00
3 0 +1,020397504e+02 +1,020397504e+02 +1,347397504e+02 +1,347397504e+02 +1,8188e+00 -3,0733e+00 +4,4868e-01 +3,7900e-01 +2,7388e+00 +1,4807e+00 +3,9602e+00 +4,5894e-01 -1,2747e+00 +1,0236e+00
4 0 +9,430877111e+01 +9,430877111e+01 +1,270087711e+02 +1,270087711e+02 -5,8606e-01 -2,3654e+00 -4,3686e+00 -3,4236e-01 +3,8137e-01 -2,5959e+00 -2,9640e+00 +4,1098e-01 -2,5618e+00 +1,9409e-01
5 0 +3,219315131e+01 +3,219315131e+01 +6,489315131e+01 +6,489315131e+01 -2,2031e+00 -2,0782e+00 +9,6738e-01 -3,6461e+00 +2,5323e+00 -3,6545e+00 +3,4041e+00 +2,1361e+00 +3,8110e+00 -5,2564e-01
% f evaluations | g evaluations | best noise-free fitness - Fopt | noise-free fitness - Fopt (-3,943000000000e+01) | measured fitness | best measured fitness | x1 | x2...
1 0 +1,361292313e+02 +1,361292313e+02 +9,669923130e+01 +9,669923130e+01 +1,4485e+00 +1,9976e+00 -1,6256e+00 +4,6064e+00 +4,2715e-01 +2,7959e+00 +3,6134e+00 +5,5659e-01 +1,6140e+00 -9,2599e-01
2 0 +7,560379807e+01 +7,560379807e+01 +3,617379807e+01 +3,617379807e+01 +1,8044e+00 -1,6065e-01 -3,6325e+00 -4,5728e+00 +1,3184e-01 +7,3819e-01 +3,9488e+00 +2,9397e+00 +1,3075e-01 +1,2524e+00
4 0 +5,851611128e+01 +5,851611128e+01 +1,908611128e+01 +1,908611128e+01 +2,7048e+00 +1,5661e+00 +1,3203e+00 -1,1652e+00 -2,9403e+00 -1,5426e-01 +3,3632e+00 -1,4874e+00 +1,0449e-01 -4,3113e+00
6 0 +4,940339017e+01 +4,940339017e+01 +9,973390168e+00 +9,973390168e+00 +4,1026e+00 +2,1607e+00 -4,1738e+00 -1,9262e-01 +3,4548e+00 -4,9449e+00 -4,1781e+00 +4,0540e+00 +1,0382e+00 +2,9889e+00
10 0 +4,803248640e+01 +4,803248640e+01 +8,602486398e+00 +8,602486398e+00 -2,7666e+00 +4,1264e+00 -4,2291e+00 -4,3341e+00 -1,1292e+00 -4,4551e+00 +3,7798e+00 +1,5181e+00 +8,5304e-01 +1,9112e+00
14 0 +4,126672722e+01 +4,126672722e+01 +1,836727216e+00 +1,836727216e+00 +3,5410e+00 +3,3498e+00 -3,2277e+00 -4,2843e+00 -1,7158e+00 -4,6262e+00 +2,3179e+00 +2,7221e+00 -2,0246e-01 +6,7386e-01
% f evaluations | g evaluations | best noise-free fitness - Fopt | noise-free fitness - Fopt (4,197200000000e+02) | measured fitness | best measured fitness | x1 | x2...
1 0 +1,426159575e+02 +1,426159575e+02 +5,623359575e+02 +5,623359575e+02 +3,1648e+00 -1,6944e+00 -3,2090e+00 +1,8336e+00 +3,0229e+00 +4,6611e+00 +1,8847e-01 -4,2179e+00 -4,7222e+00 +2,7458e+00
2 0 +6,514051014e+01 +6,514051014e+01 +4,848605101e+02 +4,848605101e+02 -4,8076e+00 -1,5295e+00 +4,0892e+00 -2,4806e+00 +4,0130e+00 +1,6255e+00 -2,4235e+00 +1,5897e+00 +6,1612e-01 -1,1413e-01
3 0 +5,581155751e+01 +5,581155751e+01 +4,755315575e+02 +4,755315575e+02 +2,6723e+00 +3,6195e+00 -4,7051e+00 -1,2944e+00 +4,7735e+00 +3,0540e+00 +2,4725e+00 +3,5341e+00 +3,7959e+00 -9,4496e-02
4 0 +4,394618062e+01 +4,394618062e+01 +4,636661806e+02 +4,636661806e+02 -4,4852e+00 -3,3817e-01 +1,0990e+00 +3,7707e+00 -1,5262e+00 +2,0868e+00 +3,6716e+00 +3,2603e+00 +4,8869e+00 +1,2931e+00
18 0 +3,379001105e+01 +3,379001105e+01 +4,535100111e+02 +4,535100111e+02 -1,2367e-01 -8,4713e-01 -9,5855e-01 +2,0674e+00 -3,0646e-01 +1,3316e+00 +1,7806e+00 +2,7554e+00 -2,0089e+00 +2,6400e+00
19 0 +2,837354897e+01 +2,837354897e+01 +4,480935490e+02 +4,480935490e+02 -8,0558e-01 +3,5915e+00 -3,8363e+00 +1,2704e+00 +2,7574e-01 +1,3354e+00 +4,8150e+00 +4,9420e+00 +3,8663e+00 +3,1004e+00
% f evaluations | g evaluations | best noise-free fitness - Fopt | noise-free fitness - Fopt (7,640000000000e+00) | measured fitness | best measured fitness | x1 | x2...
1 0 +1,591235807e+02 +1,591235807e+02 +1,667635807e+02 +1,667635807e+02 -2,4169e-01 +4,8386e+00 +1,0825e+00 -2,0947e+00 +4,9355e+00 -2,2851e+00 +6,2165e-01 +3,6619e+00 -8,2102e-01 +2,6462e+00
4 0 +3,587235013e+01 +3,587235013e+01 +4,351235013e+01 +4,351235013e+01 -2,9378e+00 +2,2288e+00 -2,8374e+00 +4,8352e+00 +2,4914e+00 -3,6485e+00 +3,7198e+00 +2,8612e-01 -4,7580e+00 -1,3643e-01
16 0 +2,542270565e+01 +2,542270565e+01 +3,306270565e+01 +3,306270565e+01 +1,7192e+00 +9,9207e-01 -2,1227e-01 +2,9072e+00 +1,2761e+00 +1,2348e+00 -1,8767e+00 +3,8848e+00 -3,8471e+00 -4,7300e+00
% f evaluations | g evaluations | best noise-free fitness - Fopt | noise-free fitness - Fopt (-1,276800000000e+02) | measured fitness | best measured fitness | x1 | x2...
1 0 +2,759876969e+02 +2,759876969e+02 +1,483076969e+02 +1,483076969e+02 +3,6989e+00 -3,1529e-01 +3,4879e-01 +8,8039e-02 -1,9307e+00 +1,9676e+00 -5,2506e-02 +3,4670e+00 -2,9075e+00 -2,2467e+00
2 0 +1,002347510e+02 +1,002347510e+02 -2,744524899e+01 -2,744524899e+01 +4,0263e+00 -4,7873e+00 -2,9327e+00 -4,2047e+00 +4,9451e+00 -2,3201e+00 -1,4248e+00 +6,7868e-01 +3,8415e+00 -2,8220e+00
3 0 +4,970048040e+01 +4,970048040e+01 -7,797951960e+01 -7,797951960e+01 -3,1865e+00 +4,4197e+00 +2,7598e+00 +3,5948e+00 -2,8968e+00 -3,8379e-01 -1,3758e-01 +1,1573e+00 +2,6852e+00 +1,2058e+00
% f evaluations | g evaluations | best noise-free fitness - Fopt | noise-free fitness - Fopt (-3,650000000000e+01) | measured fitness | best measured fitness | x1 | x2...
1 0 +2,373299010e+01 +2,373299010e+01 -1,276700990e+01 -1,276700990e+01 -4,8503e+00 -1,6957e+00 +4,3026e+00 -1,4737e+00 +1,5332e+00 +1,8682e+00 +4,0603e+00 -4,5340e+00 -1,2495e+00 -2,8915e+00
17 0 +9,478952984e+00 +9,478952984e+00 -2,702104702e+01 -2,702104702e+01 +3,8034e-01 -3,0796e-01 +4,1866e+00 +1,1182e+00 +4,4645e+00 +7,6687e-01 +1,8444e+00 +9,1047e-01 -9,7454e-01 -1,8540e+00
% f evaluations | g evaluations | best noise-free fitness - Fopt | noise-free fitness - Fopt (1,728700000000e+02) | measured fitness | best measured fitness | x1 | x2...
1 0 +1,481056005e+02 +1,481056005e+02 +3,209756005e+02 +3,209756005e+02 +1,8571e+00 +8,7233e-01 -1,8128e+00 +2,1871e+00 +3,7073e+00 +4,8677e+00 +1,8724e+00 +2,2570e+00 -1,0216e+00 -1,6767e+00
2 0 +1,104489570e+02 +1,104489570e+02 +2,833189570e+02 +2,833189570e+02 -3,7346e-01 +1,1894e+00 -2,5994e+00 -2,1575e+00 +4,1162e+00 -3,8201e-02 -2,0704e+00 -3,9128e+00 -1,5997e+00 -4,9779e+00
5 0 +7,995423033e+01 +7,995423033e+01 +2,528242303e+02 +2,528242303e+02 -3,7849e+00 +4,4204e+00 +2,7858e+00 -2,2036e+00 -2,2586e+00 -3,5672e+00 -1,2301e+00 -3,2728e+00 -1,4102e+00 +1,3777e+00
7 0 +5,870432321e+01 +5,870432321e+01 +2,315743232e+02 +2,315743232e+02 +4,9262e+00 -7,4313e-01 +5,4707e-01 +4,1289e+00 -6,5808e-01 -3,3557e+00 -1,7781e+00 -3,4158e+00 +4,4181e+00 -2,4617e+00
9 0 +5,469329012e+01 +5,469329012e+01 +2,275632901e+02 +2,275632901e+02 -4,5272e+00 -2,4059e+00 +1,4980e+00 -1,8424e+00 +4,8237e+00 -7,7381e-01 +4,7405e+00 -4,3204e+00 -3,7069e-01 -2,4117e+00
19 0 +1,952235759e+01 +1,952235759e+01 +1,923923576e+02 +1,923923576e+02 +8,5553e-01 +9,2409e-01 +1,0473e+00 +1,0202e+00 +2,6457e+00 -4,0955e+00 +4,1593e-01 +5,3034e-01 +1,4306e-01 +1,6807e-02
% f evaluations | g evaluations | best noise-free fitness - Fopt | noise-free fitness - Fopt (1,577200000000e+02) | measured fitness | best measured fitness | x1 | x2...
1 0 +1,308821848e+02 +1,308821848e+02 +2,886021848e+02 +2,886021848e+02 -3,7093e+00 -1,4081e+00 +1,4869e-01 -4,6894e+00 +2,7510e+00 +4,0536e+00 -4,8201e+00 +2,2653e+00 -4,1148e-01 +3,3787e+00
4 0 +7,146721367e+01 +7,146721367e+01 +2,291872137e+02 +2,291872137e+02 +3,5983e+00 +2,9599e+00 +2,4993e-01 +4,9536e+00 +1,0232e+00 +4,4366e+00 -1,5249e+00 -4,5790e+00 -4,3342e+00 +1,0090e+00
9 0 +3,099930411e+01 +3,099930411e+01 +1,887193041e+02 +1,887193041e+02 -3,8937e+00 -5,9280e-01 -6,0897e-02 +9,4861e-01 -2,8519e-01 -1,0879e+00 +4,4280e+00 -2,0822e+00 +2,7142e+00 -9,3765e-01
10 0 +2,908980089e+01 +2,908980089e+01 +1,868098009e+02 +1,868098009e+02 -1,2805e+00 +4,9945e-01 +2,2815e+00 +4,4707e+00 -1,9453e-02 +3,3923e+00 -1,6173e+00 -1,2556e+00 -2,6750e+00 -3,6240e+00
% f evaluations | g evaluations | best noise-free fitness - Fopt | noise-free fitness - Fopt (2,819000000000e+01) | measured fitness | best measured fitness | x1 | x2...
1 0 +1,196303121e+02 +1,196303121e+02 +1,478203121e+02 +1,478203121e+02 -2,2736e+00 -3,0105e+00 +1,8822e+00 +4,9900e-01 -5,0427e-01 -8,8822e-01 +3,3081e+00 -2,2096e+00 +4,2254e+00 +2,2262e+00
4 0 +4,564026937e+01 +4,564026937e+01 +7,383026937e+01 +7,383026937e+01 -2,2339e+00 -3,2313e+00 +1,5746e+00 -1,8832e+00 -3,5278e+00 -8,5145e-01 +2,8666e+00 +2,4897e+00 -1,9638e+00 -2,3678e+00
7 0 +1,601399856e+01 +1,601399856e+01 +4,420399856e+01 +4,420399856e+01 +2,7228e+00 -1,0288e+00 +2,3652e+00 -5,0066e-01 -2,9439e+00 -4,8162e+00 -3,7387e-01 -1,7474e+00 +1,5446e+00 +6,1160e-01
19 0 +1,448626143e+01 +1,448626143e+01 +4,267626143e+01 +4,267626143e+01 +2,5955e+00 -2,2862e+00 +1,7072e+00 -1,0862e+00 -3,4788e+00 -3,7739e+00 +6,9954e-01 -2,5127e+00 -3,0569e+00 -2,4543e+00
% f evaluations | g evaluations | best noise-free fitness - Fopt | noise-free fitness - Fopt (-9,925000000000e+01) | measured fitness | best measured fitness | x1 | x2...
1 0 +3,502024156e+01 +3,502024156e+01 -6,422975844e+01 -6,422975844e+01 -5,2948e-01 -3,3022e+00 -4,1263e+00 -2,9221e+00 -8,2990e-01 +2,3753e+00 +2,1041e+00 +2,4847e+00 -1,1408e+00 -2,8033e+00
7 0 +1,985868700e+01 +1,985868700e+01 -7,939131300e+01 -7,939131300e+01 +3,2326e+00 +1,9435e+00 +1,9041e+00 +9,1385e-01 +2,7689e+00 +4,3523e+00 +3,4859e+00 +4,3894e+00 -2,5850e+00 +3,7905e-01
9 0 +1,321429047e+01 +1,321429047e+01 -8,603570953e+01 -8,603570953e+01 -9,7598e-01 -3,0628e+00 -4,3559e-02 -4,2453e-01 +3,8308e-01 +1,5145e+00 +4,4277e+00 +3,7845e+00 -6,6629e-01 -3,9016e+00
