% f evaluations | g evaluations | best noise-free fitness - Fopt | noise-free fitness - Fopt (3,590000000000e+01) | measured fitness | best measured fitness | x1 | x2...
1 0 +1,741861795e+05 +1,741861795e+05 +1,742220795e+05 +1,742220795e+05 +1,3467e+00 -2,2070e+00 +4,1470e+00 +2,4604e-01 -4,7805e+00 +9,8690e-01 -7,6382e-02 -2,8925e+00 -1,1711e+00 -2,2257e+00
14 0 +3,412832361e+04 +3,412832361e+04 +3,416422361e+04 +3,416422361e+04 +2,4043e+00 +4,8916e+00 -1,4710e+00 -2,7361e+00 +1,5298e+00 -3,5668e+00 -3,4952e+00 -3,8015e+00 -4,8024e+00 +3,0362e+00
% f evaluations | g evaluations | best noise-free fitness - Fopt | noise-free fitness - Fopt (3,137000000000e+01) | measured fitness | best measured fitness | x1 | x2...
1 0 +5,824100746e+05 +5,824100746e+05 +5,824414446e+05 +5,824414446e+05 -4,4813e+00 -1,7231e+00 -6,3694e-01 -2,5109e+00 +1,6537e+00 +2,4116e+00 -1,0006e+00 -2,5178e+00 +2,6702e+00 +4,8916e+00
3 0 +5,787154799e+05 +5,787154799e+05 +5,787468499e+05 +5,787468499e+05 -3,5827e+00 -4,8246e+00 -3,0166e+00 +1,5841e+00 +3,3962e+00 +2,3166e+00 -1,1370e+00 +4,1986e+00 -2,8927e+00 +3,0389e+00
4 0 +2,429785998e+05 +2,429785998e+05 +2,430099698e+05 +2,430099698e+05 +1,3638e+00 +2,0102e+00 +3,4752e+00 -1,4940e+00 -3,3419e+00 -4,9036e+00 -3,2352e+00 +9,9894e-01 -7,3492e-01 +2,3315e+00
% f evaluations | g evaluations | best noise-free fitness - Fopt | noise-free fitness - Fopt (-1,000000000000e+03) | measured fitness | best measured fitness | x1 | x2...
1 0 +6,858561920e+05 +6,858561920e+05 +6,848561920e+05 +6,848561920e+05 -2,9229e+00 +3,3394e+00 +5,2729e-01 +1,4383e+00 -4,9236e+00 +4,9993e+00 -3,6329e+00 +1,1312e+00 -4,9816e+00 -1,1438e+00
4 0 +3,258726209e+05 +3,258726209e+05 +3,248726209e+05 +3,248726209e+05 -1,4368e+00 +1,7638e+00 -2,9151e+00 +4,8817e+00 -3,0196e+00 -4,2365e+00 +2,9714e+00 +1,5857e+00 +3,6148e+00 +2,8086e+00
7 0 +2,022723090e+05 +2,022723090e+05 +2,012723090e+05 +2,012723090e+05 +1,0652e+00 -3,9730e+00 +4,3371e+00 -3,8854e+00 -1,6013e+00 -2,0511e+00 -1,1828e+00 -3,5242e+00 +2,3108e+00 +4,1777e+00
% f evaluations | g evaluations | best noise-free fitness - Fopt | noise-free fitness - Fopt (1,319200000000e+02) | measured fitness | best measured fitness | x1 | x2...
1 0 +2,107105219e+06 +2,107105219e+06 +2,107237139e+06 +2,107237139e+06 +4,9525e+00 -1,5201e+00 +2,5665e+00 -2,5787e+00 +4,6826e+00 -2,5596e+00 +3,8761e+00 -1,6521e+00 -1,1406e+00 +4,4924e+00
2 0 +1,340944007e+06 +1,340944007e+06 +1,341075927e+06 +1,341075927e+06 +3,3135e+00 +2,7795e+00 +2,3493e+00 -9,7648e-02 +1,7001e-01 +1,2804e+00 -2,1228e+00 -4,5762e+00 +1,6030e+00 -1,9480e+00
3 0 +6,889673553e+05 +6,889673553e+05 +6,890992753e+05 +6,890992753e+05 +3,9405e+00 +1,0542e+00 -6,6006e-02 +2,5628e+00 -2,5832e+00 -1,6602e+00 -1,7331e+00 -1,8087e+00 -4,0147e+00 -1,8955e+00
5 0 +5,737639812e+05 +5,737639812e+05 +5,738959012e+05 +5,738959012e+05 +2,9538e+00 +2,3703e+00 -4,1704e-01 -5,7614e-01 +4,0612e-01 -1,0967e+00 -2,1178e+00 +1,7515e+00 +3,7530e+00 -1,2005e+00
6 0 +4,595369705e+05 +4,595369705e+05 +4,596688905e+05 +4,596688905e+05 -4,9884e-02 -4,6532e+00 -4,6327e+00 +7,6685e-02 -3,9937e+00 -4,0528e+00 -2,6684e-02 +7,7189e-01 -4,4470e+00 +6,4037e-01
% f evaluations | g evaluations | best noise-free fitness - Fopt | noise-free fitness - Fopt (5,908400000000e+02) | measured fitness | best measured fitness | x1 | x2...
1 0 +9,767980863e+04 +9,767980863e+04 +9,827064863e+04 +9,827064863e+04 -4,9814e+00 -2,2508e+00 +2,6205e+00 -2,0045e+00 +4,2839e+00 -3,6103e+00 +6,2317e-02 -1,1105e+00 -4,6296e+00 +1,8768e+00
10 0 +6,279327647e+04 +6,279327647e+04 +6,338411647e+04 +6,338411647e+04 -4,7274e+00 +7,6376e-01 -5,1656e-01 +3,7272e+00 +1,0502e+00 +3,2892e+00 +3,4090e+00 +1,1247e+00 +1,6046e+00 +1,7815e+00
13 0 +1,868205497e+04 +1,868205497e+04 +1,927289497e+04 +1,927289497e+04 -4,0199e+00 -1,0284e+00 +1,2284e-01 +9,5766e-01 -3,4717e+00 -5,8011e-01 +2,8106e+00 +2,0567e+00 -4,8444e+00 +1,3084e+00
18 0 +3,051746228e+02 +3,051746228e+02 +8,960146228e+02 +8,960146228e+02 -2,8719e+00 +2,2410e+00 -4,8259e-01 +2,3591e+00 +2,7815e+00 +1,5275e+00 +3,8179e+00 +3,2340e+00 +1,5195e+00 +2,2349e+00
% f evaluations | g evaluations | best noise-free fitness - Fopt | noise-free fitness - Fopt (6,749000000000e+01) | measured fitness | best measured fitness | x1 | x2...
1 0 +1,128388961e+05 +1,128388961e+05 +1,129063861e+05 +1,129063861e+05 -3,2142e+00 +1,0290e+00 -9,5216e-01 +3,7716e+00 -2,6887e+00 -1,0874e+00 +6,5256e-01 -4,7419e+00 -1,6246e+00 -1,0769e+00
% f evaluations | g evaluations | best noise-free fitness - Fopt | noise-free fitness - Fopt (3,085000000000e+01) | measured fitness | best measured fitness | x1 | x2...
1 0 +5,873744374e+05 +5,873744374e+05 +5,874052874e+05 +5,874052874e+05 +2,3387e-01 +3,7992e+00 +2,0269e+00 +4,5092e+00 -4,3509e+00 -4,9817e+00 -1,5831e+00 +4,1408e-01 -5,5248e-01 -2,2403e-01
2 0 +4,244785455e+05 +4,244785455e+05 +4,245093955e+05 +4,245093955e+05 -1,0381e+00 -2,8665e+00 +4,2172e+00 -3,1453e+00 +4,1380e+00 -2,3555e+00 -2,6950e+00 +2,8368e+00 +2,6427e+00 -2,9552e-01
5 0 +2,234979621e+05 +2,234979621e+05 +2,235288121e+05 +2,235288121e+05 -2,4982e+00 -3,5039e+00 -2,5607e+00 -1,7603e-01 +1,3991e+00 +7,8800e-01 +1,0873e+00 +2,0617e+00 -1,7823e+00 -1,0516e+00
% f evaluations | g evaluations | best noise-free fitness - Fopt | noise-free fitness - Fopt (-1,255000000000e+01) | measured fitness | best measured fitness | x1 | x2...
1 0 +8,079027774e+05 +8,079027774e+05 +8,078902274e+05 +8,078902274e+05 -4,5202e+00 +2,4019e+00 +1,5716e+00 +1,6162e+00 +1,2455e+00 -4,6372e-01 +4,4407e+00 -2,6969e+00 -1,1454e+00 +4,5213e+00
2 0 +6,241804582e+05 +6,241804582e+05 +6,241679082e+05 +6,241679082e+05 +1,6923e+00 +7,5020e-01 +4,1522e+00 +1,4880e+00 +1,6641e+00 -4,1693e+00 -3,8700e+00 +4,6487e+00 -1,1998e+00 +3,7055e+00
3 0 +3,042959256e+05 +3,042959256e+05 +3,042833756e+05 +3,042833756e+05 +2,1329e+00 -1,0958e+00 +2,4750e+00 +3,5630e+00 -8,0132e-02 -4,8834e+00 -2,2553e+00 +2,4799e-01 -2,2862e+00 -4,3503e-01
7 0 +2,985099087e+05 +2,985099087e+05 +2,984973587e+05 +2,984973587e+05 -1,2471e+00 +3,9654e+00 -6,4846e-02 -1,0445e+00 +4,8254e-01 -1,5703e+00 -2,4338e+00 -2,5420e+00 +3,1849e+00 +2,3717e+00
9 0 +1,243657218e+05 +1,243657218e+05 +1,243531718e+05 +1,243531718e+05 +1,2795e+00 +1,9115e+00 +2,8416e+00 +4,4513e+00 +6,8661e-01 -8,8672e-01 +3,2352e+00 -3,6333e+00 +2,5525e+00 +3,5682e+00
% f evaluations | g evaluations | best noise-free fitness - Fopt | noise-free fitness - Fopt (5,383900000000e+02) | measured fitness | best measured fitness | x1 | x2...
1 0 +4,611888247e+05 +4,611888247e+05 +4,617272147e+05 +4,617272147e+05 +4,7648e-01 +3,0947e-01 +1,2830e+00 -4,3144e+00 +1,9448e+00 -4,9053e+00 -4,6140e+00 +8,1489e-02 +4,2627e-02 -1,7797e+00
2 0 +2,973917715e+05 +2,973917715e+05 +2,979301615e+05 +2,979301615e+05 +1,9045e+00 +2,1687e+00 +2,2762e+00 +3,2844e+00 -5,0843e-01 +3,0867e+00 +2,4689e+00 +2,6902e+00 +2,3646e+00 -4,0076e+00
6 0 +1,182606120e+05 +1,182606120e+05 +1,187990020e+05 +1,187990020e+05 +1,4858e+00 -3,7375e+00 +2,5840e+00 +4,2554e-01 -4,0996e+00 +3,3222e-01 +2,8117e-01 +2,1108e+00 -5,5200e-01 -2,9591e-01
8 0 +1,140737011e+05 +1,140737011e+05 +1,146120911e+05 +1,146120911e+05 -9,3386e-01 +3,0656e+00 +9,7352e-02 -1,9744e+00 -4,5680e+00 +2,3381e+00 +2,5410e+00 -2,6806e+00 +4,6000e+00 -1,4071e+00
% f evaluations | g evaluations | best noise-free fitness - Fopt | noise-free fitness - Fopt (-1,055600000000e+02) | measured fitness | best measured fitness | x1 | x2...
1 0 +7,982910737e+05 +7,982910737e+05 +7,981855137e+05 +7,981855137e+05 +4,4368e+00 +3,4035e+00 -1,3437e+00 -4,7971e+00 -4,5132e+00 +4,5812e-01 +3,8123e+00 -5,7887e-01 -2,1466e+00 -2,2309e-01
5 0 +2,922665927e+05 +2,922665927e+05 +2,921610327e+05 +2,921610327e+05 +4,5349e+00 +4,2981e+00 -7,9603e-02 -3,1756e+00 +2,0970e+00 +6,4989e-01 -3,2506e+00 -3,3714e+00 -6,4989e-01 -2,2944e+00
% f evaluations | g evaluations | best noise-free fitness - Fopt | noise-free fitness - Fopt (9,803000000000e+01) | measured fitness | best measured fitness | x1 | x2...
1 0 +1,861529695e+05 +1,861529695e+05 +1,862509995e+05 +1,862509995e+05 -2,8213e+00 +4,7749e+00 -4,7356e+00 -4,9446e+00 -1,8815e+00 +9,8281e-01 +1,1274e+00 -3,2222e+00 +3,1701e+00 +3,6438e+00
9 0 +1,225362245e+05 +1,225362245e+05 +1,226342545e+05 +1,226342545e+05 -5,9629e-01 -2,8593e+00 +1,6432e+00 -1,6946e+00 -3,8363e+00 -5,9967e-01 -3,0762e+00 +2,2556e+00 -3,0457e+00 -4,8406e+00
% f evaluations | g evaluations | best noise-free fitness - Fopt | noise-free fitness - Fopt (1,000000000000e+03) | measured fitness | best measured fitness | x1 | x2...
1 0 +2,424007602e+05 +2,424007602e+05 +2,434007602e+05 +2,434007602e+05 -2,9135e+00 +2,0500e+00 +2,6374e+00 -4,0222e+00 -3,2361e+00 +4,4686e-01 -4,7610e+00 -4,9951e+00 -8,1223e-01 -1,2294e-01
3 0 +1,839826656e+05 +1,839826656e+05 +1,849826656e+05 +1,849826656e+05 +3,2562e+00 +8,9266e-01 -2,0744e+00 +3,5271e+00 +4,3168e+00 -4,1802e-01 +1,7818e+00 -9,6697e-01 +3,4010e+00 -2,6886e+00
4 0 +6,445406835e+04 +6,445406835e+04 +6,545406835e+04 +6,545406835e+04 -4,4885e+00 +3,8660e+00 -2,0712e-01 +9,8015e-01 +4,0666e+00 +2,5108e+00 +4,9754e+00 -1,0413e+00 +4,5517e+00 -3,1030e+00
% f evaluations | g evaluations | best noise-free fitness - Fopt | noise-free fitness - Fopt (1,490000000000e+00) | measured fitness | best measured fitness | x1 | x2...
1 0 +1,026012572e+06 +1,026012572e+06 +1,026014062e+06 +1,026014062e+06 +2,8845e+00 +2,7532e+00 +2,1592e+00 -1,4337e+00 -3,8039e+00 -3,9865e+00 -2,5237e+00 -4,8035e+00 -2,9970e+00 +5,4653e-01
2 0 +5,798246617e+05 +5,798246617e+05 +5,798261517e+05 +5,798261517e+05 +4,0203e+00 +1,3744e+00 -1,4311e+00 +3,2205e-03 +1,1635e+00 -1,3873e+00 -2,9879e+00 +3,8374e+00 -2,6625e+00 -5,8820e-01
3 0 +4,741114699e+05 +4,741114699e+05 +4,741129599e+05 +4,741129599e+05 +1,3072e+00 -4,3819e+00 +9,0796e-01 +3,3827e+00 +6,7229e-01 -3,9835e+00 +6,2941e-01 +2,7786e+00 -3,8749e+00 +2,6627e+00
6 0 +6,392770388e+04 +6,392770388e+04 +6,392919388e+04 +6,392919388e+04 +5,0740e-01 -3,9307e+00 -4,7493e+00 -6,6170e-02 -4,5129e+00 +3,1996e+00 -3,0002e+00 -3,3821e+00 -3,6398e+00 +4,9311e+00
% f evaluations | g evaluations | best noise-free fitness - Fopt | noise-free fitness - Fopt (5,963500000000e+02) | measured fitness | best measured fitness | x1 | x2...
1 0 +1,546196478e+06 +1,546196478e+06 +1,546792828e+06 +1,546792828e+06 -3,0835e+00 -4,2882e+00 -1,9931e-01 -2,0061e+00 -4,8410e+00 +5,8481e-01 -4,1471e+00 +2,1410e+00 +7,1804e-01 +3,0088e+00
2 0 +6,114942040e+05 +6,114942040e+05 +6,120905540e+05 +6,120905540e+05 +3,5533e+00 +1,3460e+00 +1,5005e+00 +8,0315e-01 +5,3026e-01 +4,3456e+00 +4,2082e+00 -2,9452e+00 +4,4547e+00 -2,7629e-01
8 0 +1,104957971e+05 +1,104957971e+05 +1,110921471e+05 +1,110921471e+05 -3,4642e+00 +4,5866e+00 -9,2368e-01 +8,7614e-01 +1,0158e+00 +2,3053e+00 +2,2968e+00 +3,7635e-01 -4,0230e+00 +4,1290e+00
% f evaluations | g evaluations | best noise-free fitness - Fopt | noise-free fitness - Fopt (-1,189700000000e+02) | measured fitness | best measured fitness | x1 | x2...
1 0 +1,113055745e+06 +1,113055745e+06 +1,112936775e+06 +1,112936775e+06 +1,2845e-01 -9,8799e-01 -9,8893e-01 -1,9407e+00 -2,1188e+00 -6,9535e-01 +4,2410e+00 +3,2697e+00 +4,7556e+00 +3,0520e+00
2 0 +3,360927936e+05 +3,360927936e+05 +3,359738236e+05 +3,359738236e+05 -1,7723e+00 +1,9103e+00 +2,5664e+00 -5,5869e-01 -8,6569e-02 -3,7733e+00 +3,6565e+00 +2,4627e+00 -7,2828e-01 +2,3175e+00
5 0 +2,244735619e+05 +2,244735619e+05 +2,243545919e+05 +2,243545919e+05 +5,9252e-01 -1,1743e+00 +4,3453e+00 -3,6574e+00 -3,1920e+00 -4,9879e+00 +8,4457e-01 +4,2887e-01 -3,8708e+00 -5,0140e-01
12 0 +1,035333476e+05 +1,035333476e+05 +1,034143776e+05 +1,034143776e+05 -4,0544e+00 -3,2029e+00 +2,1622e-01 +4,1870e+00 -2,2894e+00 +3,0627e-01 -1,2859e+00 -2,6810e+00 -3,4104e+00 +2,8045e+00
